1 0.757031261920929 0.3291666805744171 0.17031250894069672 0.19583334028720856
1 0.592968761920929 0.34687501192092896 0.15781250596046448 0.18958334624767303
1 0.6929687857627869 0.8572916984558105 0.15781250596046448 0.18958334624767303
1 0.15234375 0.15520833432674408 0.18906250596046448 0.2604166865348816
1 0.524218738079071 0.11666667461395264 0.22968749701976776 0.2291666716337204
1 0.3539062440395355 0.5218750238418579 0.17343750596046448 0.19375000894069672
1 0.41328126192092896 0.7364583611488342 0.12343750149011612 0.17291668057441711
1 0.5726562738418579 0.8114583492279053 0.15468750894069672 0.16458334028720856
1 0.8851562738418579 0.7906250357627869 0.18593750894069672 0.23541668057441711
1 0.4554687440395355 0.31666669249534607 0.17031250894069672 0.22083334624767303
1 0.735156238079071 0.15312500298023224 0.15781250596046448 0.23125001788139343
2 0.534375011920929 0.6156250238418579 0.21250000596046448 0.24791668355464935
1 0.757031261920929 0.3291666805744171 0.17031250894069672 0.19583334028720856
1 0.592968761920929 0.34687501192092896 0.15781250596046448 0.18958334624767303
1 0.6929687857627869 0.8572916984558105 0.15781250596046448 0.18958334624767303
1 0.15234375 0.15520833432674408 0.18906250596046448 0.2604166865348816
1 0.524218738079071 0.11666667461395264 0.22968749701976776 0.2291666716337204
1 0.3539062440395355 0.5218750238418579 0.17343750596046448 0.19375000894069672
1 0.41328126192092896 0.7364583611488342 0.12343750149011612 0.17291668057441711
1 0.5726562738418579 0.8114583492279053 0.15468750894069672 0.16458334028720856
1 0.8851562738418579 0.7906250357627869 0.18593750894069672 0.23541668057441711
1 0.4554687440395355 0.31666669249534607 0.17031250894069672 0.22083334624767303
1 0.735156238079071 0.15312500298023224 0.15781250596046448 0.23125001788139343
2 0.534375011920929 0.6156250238418579 0.21250000596046448 0.24791668355464935
