1 0.11640625447034836 0.7156250476837158 0.16093750298023224 0.20625001192092896
1 0.41328126192092896 0.33645835518836975 0.12968750298023224 0.1770833432674408
1 0.860156238079071 0.39270836114883423 0.16093750298023224 0.1979166716337204
1 0.2632812559604645 0.20729167759418488 0.16093750298023224 0.1979166716337204
1 0.819531261920929 0.6218750476837158 0.1640625 0.23125001788139343
1 0.934374988079071 0.8260416984558105 0.13125000894069672 0.1770833432674408
1 0.8046875 0.9218750596046448 0.15312500298023224 0.1562500149011612
1 0.5523437857627869 0.95208340883255 0.16093750298023224 0.09583333879709244
1 0.3359375 0.9593750238418579 0.15625 0.08125000447034836
1 0.06875000149011612 0.21458333730697632 0.13437500596046448 0.17083334922790527
2 0.43437501788139343 0.6697916984558105 0.24375000596046448 0.31041666865348816
1 0.2562499940395355 0.7187500596046448 0.13125000894069672 0.21250000596046448
1 0.23749999701976776 0.5520833730697632 0.13125000894069672 0.21250000596046448
1 0.6273437738418579 0.43437501788139343 0.13906250894069672 0.23125001788139343
1 0.5210937857627869 0.3135416805744171 0.14218750596046448 0.1979166716337204
1 0.11640625447034836 0.7156250476837158 0.16093750298023224 0.20625001192092896
1 0.41328126192092896 0.33645835518836975 0.12968750298023224 0.1770833432674408
1 0.860156238079071 0.39270836114883423 0.16093750298023224 0.1979166716337204
1 0.2632812559604645 0.20729167759418488 0.16093750298023224 0.1979166716337204
1 0.819531261920929 0.6218750476837158 0.1640625 0.23125001788139343
1 0.934374988079071 0.8260416984558105 0.13125000894069672 0.1770833432674408
1 0.8046875 0.9218750596046448 0.15312500298023224 0.1562500149011612
1 0.5523437857627869 0.95208340883255 0.16093750298023224 0.09583333879709244
1 0.3359375 0.9593750238418579 0.15625 0.08125000447034836
1 0.06875000149011612 0.21458333730697632 0.13437500596046448 0.17083334922790527
2 0.43437501788139343 0.6697916984558105 0.24375000596046448 0.31041666865348816
1 0.2562499940395355 0.7187500596046448 0.13125000894069672 0.21250000596046448
1 0.23749999701976776 0.5520833730697632 0.13125000894069672 0.21250000596046448
1 0.6273437738418579 0.43437501788139343 0.13906250894069672 0.23125001788139343
1 0.5210937857627869 0.3135416805744171 0.14218750596046448 0.1979166716337204
