1 0.590624988079071 0.25312501192092896 0.171875 0.21458333730697632
1 0.7914062738418579 0.35208335518836975 0.20468750596046448 0.2083333432674408
1 0.2734375 0.44687503576278687 0.17499999701976776 0.21041667461395264
1 0.0703125 0.6500000357627869 0.13750000298023224 0.20416668057441711
1 0.792187511920929 0.7239583730697632 0.17499999701976776 0.21041667461395264
1 0.5687500238418579 0.7864583730697632 0.17499999701976776 0.21041667461395264
1 0.1796875 0.7593750357627869 0.15625 0.20625001192092896
1 0.84375 0.1041666716337204 0.15625 0.20416668057441711
1 0.5218750238418579 0.4385416805744171 0.15625 0.20625001192092896
2 0.30390626192092896 0.18125000596046448 0.31718751788139343 0.3583333492279053
1 0.590624988079071 0.25312501192092896 0.171875 0.21458333730697632
1 0.7914062738418579 0.35208335518836975 0.20468750596046448 0.2083333432674408
1 0.2734375 0.44687503576278687 0.17499999701976776 0.21041667461395264
1 0.0703125 0.6500000357627869 0.13750000298023224 0.20416668057441711
1 0.792187511920929 0.7239583730697632 0.17499999701976776 0.21041667461395264
1 0.5687500238418579 0.7864583730697632 0.17499999701976776 0.21041667461395264
1 0.1796875 0.7593750357627869 0.15625 0.20625001192092896
1 0.84375 0.1041666716337204 0.15625 0.20416668057441711
1 0.5218750238418579 0.4385416805744171 0.15625 0.20625001192092896
2 0.30390626192092896 0.18125000596046448 0.31718751788139343 0.3583333492279053
