1 0.7945312857627869 0.3281250298023224 0.16718749701976776 0.21458333730697632
1 0.8492187857627869 0.6260417103767395 0.16718749701976776 0.21458333730697632
1 0.9242187738418579 0.4520833492279053 0.15156249701976776 0.21666668355464935
1 0.9437500238418579 0.7822917103767395 0.11250000447034836 0.2187500149011612
1 0.5757812857627869 0.8708333969116211 0.18281249701976776 0.22083334624767303
1 0.559374988079071 0.21145834028720856 0.1875 0.23125001788139343
1 0.39375001192092896 0.1718750149011612 0.15312500298023224 0.24375000596046448
1 0.69140625 0.11250000447034836 0.15156249701976776 0.22083334624767303
1 0.06093750149011612 0.42916667461395264 0.11874999850988388 0.22083334624767303
1 0.05312500149011612 0.8947917222976685 0.10312499850988388 0.21041667461395264
1 0.07187499850988388 0.07916667312383652 0.140625 0.15416666865348816
1 0.23828125 0.09791667014360428 0.1796875 0.19166667759418488
1 0.14765624701976776 0.7572917342185974 0.1796875 0.19375000894069672
2 0.45781251788139343 0.5510417222976685 0.328125 0.43125003576278687
0 0.4710937440395355 0.8854166865348816 0.04531250149011612 0.07916667312383652
1 0.7945312857627869 0.3281250298023224 0.16718749701976776 0.21458333730697632
1 0.8492187857627869 0.6260417103767395 0.16718749701976776 0.21458333730697632
1 0.9242187738418579 0.4520833492279053 0.15156249701976776 0.21666668355464935
1 0.9437500238418579 0.7822917103767395 0.11250000447034836 0.2187500149011612
1 0.5757812857627869 0.8708333969116211 0.18281249701976776 0.22083334624767303
1 0.559374988079071 0.21145834028720856 0.1875 0.23125001788139343
1 0.39375001192092896 0.1718750149011612 0.15312500298023224 0.24375000596046448
1 0.69140625 0.11250000447034836 0.15156249701976776 0.22083334624767303
1 0.06093750149011612 0.42916667461395264 0.11874999850988388 0.22083334624767303
1 0.05312500149011612 0.8947917222976685 0.10312499850988388 0.21041667461395264
1 0.07187499850988388 0.07916667312383652 0.140625 0.15416666865348816
1 0.23828125 0.09791667014360428 0.1796875 0.19166667759418488
1 0.14765624701976776 0.7572917342185974 0.1796875 0.19375000894069672
2 0.45781251788139343 0.5510417222976685 0.328125 0.43125003576278687
0 0.4710937440395355 0.8854166865348816 0.04531250149011612 0.07916667312383652
