1 0.26640626788139343 0.8041667342185974 0.17343750596046448 0.17083334922790527
1 0.08828125149011612 0.7479166984558105 0.17343750596046448 0.17083334922790527
1 0.47578126192092896 0.8885416984558105 0.12343750149011612 0.20625001192092896
1 0.10859375447034836 0.29479166865348816 0.18906250596046448 0.2187500149011612
1 0.22578124701976776 0.45520836114883423 0.18906250596046448 0.2187500149011612
1 0.874218761920929 0.4677083492279053 0.18906250596046448 0.2187500149011612
1 0.7679687738418579 0.44062501192092896 0.18906250596046448 0.2187500149011612
1 0.524218738079071 0.5072916746139526 0.15156249701976776 0.16875000298023224
1 0.14531250298023224 0.0989583358168602 0.19062499701976776 0.19375000894069672
1 0.893750011920929 0.25 0.12812499701976776 0.21666668355464935
1 0.91796875 0.8197917342185974 0.16093750298023224 0.2562500238418579
1 0.684374988079071 0.9250000715255737 0.15625 0.15000000596046448
0 0.3695312440395355 0.19583334028720856 0.06093750149011612 0.08750000596046448
0 0.844531238079071 0.12604168057441711 0.06718750298023224 0.10208334028720856
2 0.553906261920929 0.18125000596046448 0.32343751192092896 0.3583333492279053
1 0.26640626788139343 0.8041667342185974 0.17343750596046448 0.17083334922790527
1 0.08828125149011612 0.7479166984558105 0.17343750596046448 0.17083334922790527
1 0.47578126192092896 0.8885416984558105 0.12343750149011612 0.20625001192092896
1 0.10859375447034836 0.29479166865348816 0.18906250596046448 0.2187500149011612
1 0.22578124701976776 0.45520836114883423 0.18906250596046448 0.2187500149011612
1 0.874218761920929 0.4677083492279053 0.18906250596046448 0.2187500149011612
1 0.7679687738418579 0.44062501192092896 0.18906250596046448 0.2187500149011612
1 0.524218738079071 0.5072916746139526 0.15156249701976776 0.16875000298023224
1 0.14531250298023224 0.0989583358168602 0.19062499701976776 0.19375000894069672
1 0.893750011920929 0.25 0.12812499701976776 0.21666668355464935
1 0.91796875 0.8197917342185974 0.16093750298023224 0.2562500238418579
1 0.684374988079071 0.9250000715255737 0.15625 0.15000000596046448
0 0.3695312440395355 0.19583334028720856 0.06093750149011612 0.08750000596046448
0 0.844531238079071 0.12604168057441711 0.06718750298023224 0.10208334028720856
2 0.553906261920929 0.18125000596046448 0.32343751192092896 0.3583333492279053
