1 0.09609375149011612 0.8395833969116211 0.1796875 0.20416668057441711
1 0.14921875298023224 0.6302083730697632 0.20781250298023224 0.28958335518836975
1 0.15000000596046448 0.4593750238418579 0.17812500894069672 0.19375000894069672
1 0.26875001192092896 0.4854166805744171 0.10625000298023224 0.2708333432674408
1 0.09921874850988388 0.0833333358168602 0.12968750298023224 0.16250000894069672
1 0.4867187440395355 0.21145834028720856 0.16093750298023224 0.23125001788139343
1 0.6664062738418579 0.1197916716337204 0.13593749701976776 0.1770833432674408
1 0.3492187559604645 0.3072916865348816 0.17031250894069672 0.18125000596046448
1 0.3960937559604645 0.5645833611488342 0.18593750894069672 0.18333333730697632
1 0.33984375 0.7812500596046448 0.1796875 0.23750001192092896
1 0.4507812559604645 0.7854167222976685 0.1796875 0.23750001192092896
1 0.6460937857627869 0.7593750357627869 0.1796875 0.2645833492279053
1 0.20703125 0.22500000894069672 0.12031250447034836 0.2750000059604645
1 0.08515625447034836 0.27812501788139343 0.16093750298023224 0.18958334624767303
1 0.28125 0.12083333730697632 0.15312500298023224 0.2291666716337204
1 0.92578125 0.4906250238418579 0.1484375 0.28541669249534607
1 0.807812511920929 0.9375000596046448 0.1875 0.125
0 0.75 0.7708333730697632 0.0625 0.09583333879709244
2 0.6585937738418579 0.476041704416275 0.3578124940395355 0.41875001788139343
1 0.09609375149011612 0.8395833969116211 0.1796875 0.20416668057441711
1 0.14921875298023224 0.6302083730697632 0.20781250298023224 0.28958335518836975
1 0.15000000596046448 0.4593750238418579 0.17812500894069672 0.19375000894069672
1 0.26875001192092896 0.4854166805744171 0.10625000298023224 0.2708333432674408
1 0.09921874850988388 0.0833333358168602 0.12968750298023224 0.16250000894069672
1 0.4867187440395355 0.21145834028720856 0.16093750298023224 0.23125001788139343
1 0.6664062738418579 0.1197916716337204 0.13593749701976776 0.1770833432674408
1 0.3492187559604645 0.3072916865348816 0.17031250894069672 0.18125000596046448
1 0.3960937559604645 0.5645833611488342 0.18593750894069672 0.18333333730697632
1 0.33984375 0.7812500596046448 0.1796875 0.23750001192092896
1 0.4507812559604645 0.7854167222976685 0.1796875 0.23750001192092896
1 0.6460937857627869 0.7593750357627869 0.1796875 0.2645833492279053
1 0.20703125 0.22500000894069672 0.12031250447034836 0.2750000059604645
1 0.08515625447034836 0.27812501788139343 0.16093750298023224 0.18958334624767303
1 0.28125 0.12083333730697632 0.15312500298023224 0.2291666716337204
1 0.92578125 0.4906250238418579 0.1484375 0.28541669249534607
1 0.807812511920929 0.9375000596046448 0.1875 0.125
0 0.75 0.7708333730697632 0.0625 0.09583333879709244
2 0.6585937738418579 0.476041704416275 0.3578124940395355 0.41875001788139343
