1 0.6953125 0.5666667222976685 0.15625 0.2083333432674408
1 0.14453125 0.34166669845581055 0.14218750596046448 0.20000001788139343
1 0.28203126788139343 0.3291666805744171 0.12656250596046448 0.22083334624767303
1 0.203125 0.8625000715255737 0.14687500894069672 0.17500001192092896
1 0.7710937857627869 0.7197917103767395 0.07656250149011612 0.3062500059604645
1 0.910937488079071 0.7000000476837158 0.15000000596046448 0.19583334028720856
1 0.6460937857627869 0.7552083730697632 0.18906250596046448 0.22291667759418488
1 0.828125 0.29375001788139343 0.14687500894069672 0.1875000149011612
1 0.9039062857627869 0.2708333432674408 0.15468750894069672 0.17916667461395264
1 0.6312500238418579 0.24062500894069672 0.14687500894069672 0.20208334922790527
1 0.09687500447034836 0.6343750357627869 0.13437500596046448 0.1979166716337204
1 0.08828125149011612 0.7312500476837158 0.14218750596046448 0.19166667759418488
1 0.500781238079071 0.32083335518836975 0.1171875 0.21666668355464935
2 0.3671875 0.7187500596046448 0.3375000059604645 0.3916666805744171
1 0.6953125 0.5666667222976685 0.15625 0.2083333432674408
1 0.14453125 0.34166669845581055 0.14218750596046448 0.20000001788139343
1 0.28203126788139343 0.3291666805744171 0.12656250596046448 0.22083334624767303
1 0.203125 0.8625000715255737 0.14687500894069672 0.17500001192092896
1 0.7710937857627869 0.7197917103767395 0.07656250149011612 0.3062500059604645
1 0.910937488079071 0.7000000476837158 0.15000000596046448 0.19583334028720856
1 0.6460937857627869 0.7552083730697632 0.18906250596046448 0.22291667759418488
1 0.828125 0.29375001788139343 0.14687500894069672 0.1875000149011612
1 0.9039062857627869 0.2708333432674408 0.15468750894069672 0.17916667461395264
1 0.6312500238418579 0.24062500894069672 0.14687500894069672 0.20208334922790527
1 0.09687500447034836 0.6343750357627869 0.13437500596046448 0.1979166716337204
1 0.08828125149011612 0.7312500476837158 0.14218750596046448 0.19166667759418488
1 0.500781238079071 0.32083335518836975 0.1171875 0.21666668355464935
2 0.3671875 0.7187500596046448 0.3375000059604645 0.3916666805744171
