1 0.20546875894069672 0.7250000238418579 0.13906250894069672 0.20000001788139343
1 0.55859375 0.48229169845581055 0.18281249701976776 0.21458333730697632
1 0.9320312738418579 0.5739583373069763 0.13593749701976776 0.19375000894069672
1 0.8765625357627869 0.40312501788139343 0.16250000894069672 0.21458333730697632
1 0.862500011920929 0.10625000298023224 0.16562500596046448 0.2083333432674408
1 0.7906250357627869 0.2343750149011612 0.16562500596046448 0.21041667461395264
1 0.917187511920929 0.22604167461395264 0.16562500596046448 0.21041667461395264
1 0.7289062738418579 0.6052083373069763 0.18281249701976776 0.21458333730697632
1 0.5835937857627869 0.8854166865348816 0.13906250894069672 0.19583334028720856
1 0.83984375 0.9145833849906921 0.14531250298023224 0.17083334922790527
1 0.70703125 0.9145833849906921 0.14531250298023224 0.17083334922790527
1 0.08203125 0.9145833849906921 0.14531250298023224 0.17083334922790527
1 0.3023437559604645 0.15833334624767303 0.12968750298023224 0.22083334624767303
2 0.10625000298023224 0.17083334922790527 0.19375000894069672 0.30000001192092896
0 0.553906261920929 0.1145833358168602 0.07343750447034836 0.0833333358168602
1 0.20546875894069672 0.7250000238418579 0.13906250894069672 0.20000001788139343
1 0.55859375 0.48229169845581055 0.18281249701976776 0.21458333730697632
1 0.9320312738418579 0.5739583373069763 0.13593749701976776 0.19375000894069672
1 0.8765625357627869 0.40312501788139343 0.16250000894069672 0.21458333730697632
1 0.862500011920929 0.10625000298023224 0.16562500596046448 0.2083333432674408
1 0.7906250357627869 0.2343750149011612 0.16562500596046448 0.21041667461395264
1 0.917187511920929 0.22604167461395264 0.16562500596046448 0.21041667461395264
1 0.7289062738418579 0.6052083373069763 0.18281249701976776 0.21458333730697632
1 0.5835937857627869 0.8854166865348816 0.13906250894069672 0.19583334028720856
1 0.83984375 0.9145833849906921 0.14531250298023224 0.17083334922790527
1 0.70703125 0.9145833849906921 0.14531250298023224 0.17083334922790527
1 0.08203125 0.9145833849906921 0.14531250298023224 0.17083334922790527
1 0.3023437559604645 0.15833334624767303 0.12968750298023224 0.22083334624767303
2 0.10625000298023224 0.17083334922790527 0.19375000894069672 0.30000001192092896
0 0.553906261920929 0.1145833358168602 0.07343750447034836 0.0833333358168602
