1 0.64453125 0.6364583373069763 0.19843749701976776 0.23541668057441711
1 0.4828124940395355 0.7072917222976685 0.16875000298023224 0.2604166865348816
1 0.3335937559604645 0.7458333969116211 0.15781250596046448 0.17083334922790527
1 0.29218751192092896 0.8156250715255737 0.171875 0.1770833432674408
1 0.07578124850988388 0.8875000476837158 0.1484375 0.2083333432674408
1 0.1953125 0.2875000238418579 0.125 0.20000001788139343
1 0.907031238079071 0.4166666865348816 0.15156249701976776 0.22083334624767303
1 0.77734375 0.8614583611488342 0.1640625 0.20625001192092896
1 0.76953125 0.22187501192092896 0.17343750596046448 0.2187500149011612
1 0.5453125238418579 0.20208334922790527 0.14374999701976776 0.18333333730697632
1 0.4671874940395355 0.1562500149011612 0.140625 0.19583334028720856
2 0.36328125 0.47187501192092896 0.31718751788139343 0.4645833671092987
1 0.64453125 0.6364583373069763 0.19843749701976776 0.23541668057441711
1 0.4828124940395355 0.7072917222976685 0.16875000298023224 0.2604166865348816
1 0.3335937559604645 0.7458333969116211 0.15781250596046448 0.17083334922790527
1 0.29218751192092896 0.8156250715255737 0.171875 0.1770833432674408
1 0.07578124850988388 0.8875000476837158 0.1484375 0.2083333432674408
1 0.1953125 0.2875000238418579 0.125 0.20000001788139343
1 0.907031238079071 0.4166666865348816 0.15156249701976776 0.22083334624767303
1 0.77734375 0.8614583611488342 0.1640625 0.20625001192092896
1 0.76953125 0.22187501192092896 0.17343750596046448 0.2187500149011612
1 0.5453125238418579 0.20208334922790527 0.14374999701976776 0.18333333730697632
1 0.4671874940395355 0.1562500149011612 0.140625 0.19583334028720856
2 0.36328125 0.47187501192092896 0.31718751788139343 0.4645833671092987
