1 0.723437488079071 0.2239583432674408 0.17499999701976776 0.21041667461395264
1 0.538281261920929 0.2343750149011612 0.12968750298023224 0.21041667461395264
1 0.48359376192092896 0.9177083969116211 0.1484375 0.16458334028720856
1 0.4437499940395355 0.5 0.140625 0.22083334624767303
1 0.41796875 0.21145834028720856 0.1171875 0.18958334624767303
1 0.8375000357627869 0.6479166746139526 0.15625 0.23333334922790527
1 0.772656261920929 0.8291667103767395 0.14531250298023224 0.17916667461395264
1 0.9164062738418579 0.9197916984558105 0.15468750894069672 0.16041667759418488
1 0.696093738079071 0.9468750357627869 0.15468750894069672 0.10625000298023224
1 0.5648437738418579 0.7000000476837158 0.14531250298023224 0.17916667461395264
1 0.6500000357627869 0.6447917222976685 0.15000000596046448 0.21458333730697632
1 0.08203125 0.8989583849906921 0.15156249701976776 0.20208334922790527
1 0.05234375223517418 0.6666666865348816 0.1015625 0.24166667461395264
2 0.2734375 0.7645833492279053 0.3499999940395355 0.4166666865348816
0 0.73828125 0.34687501192092896 0.06406249850988388 0.08125000447034836
0 0.9429687857627869 0.5708333849906921 0.07656250149011612 0.0833333358168602
1 0.723437488079071 0.2239583432674408 0.17499999701976776 0.21041667461395264
1 0.538281261920929 0.2343750149011612 0.12968750298023224 0.21041667461395264
1 0.48359376192092896 0.9177083969116211 0.1484375 0.16458334028720856
1 0.4437499940395355 0.5 0.140625 0.22083334624767303
1 0.41796875 0.21145834028720856 0.1171875 0.18958334624767303
1 0.8375000357627869 0.6479166746139526 0.15625 0.23333334922790527
1 0.772656261920929 0.8291667103767395 0.14531250298023224 0.17916667461395264
1 0.9164062738418579 0.9197916984558105 0.15468750894069672 0.16041667759418488
1 0.696093738079071 0.9468750357627869 0.15468750894069672 0.10625000298023224
1 0.5648437738418579 0.7000000476837158 0.14531250298023224 0.17916667461395264
1 0.6500000357627869 0.6447917222976685 0.15000000596046448 0.21458333730697632
1 0.08203125 0.8989583849906921 0.15156249701976776 0.20208334922790527
1 0.05234375223517418 0.6666666865348816 0.1015625 0.24166667461395264
2 0.2734375 0.7645833492279053 0.3499999940395355 0.4166666865348816
0 0.73828125 0.34687501192092896 0.06406249850988388 0.08125000447034836
0 0.9429687857627869 0.5708333849906921 0.07656250149011612 0.0833333358168602
