1 0.35625001788139343 0.3114583492279053 0.13125000894069672 0.1979166716337204
1 0.878125011920929 0.3447916805744171 0.13125000894069672 0.1979166716337204
1 0.934374988079071 0.7260417342185974 0.13125000894069672 0.1979166716337204
1 0.31640625 0.5250000357627869 0.17656250298023224 0.21666668355464935
1 0.4742187559604645 0.4739583432674408 0.15781250596046448 0.22291667759418488
1 0.3671875 0.7208333611488342 0.14374999701976776 0.22500000894069672
1 0.734375 0.6239583492279053 0.16250000894069672 0.22291667759418488
1 0.13671875 0.5937500596046448 0.15781250596046448 0.20416668057441711
1 0.21718750894069672 0.09479167312383652 0.19375000894069672 0.18541668355464935
1 0.6195312738418579 0.9250000715255737 0.18906250596046448 0.15000000596046448
1 0.6226562857627869 0.42604169249534607 0.15781250596046448 0.22291667759418488
1 0.9203125238418579 0.5250000357627869 0.15937499701976776 0.15833334624767303
1 0.16093750298023224 0.33020836114883423 0.16250000894069672 0.24375000596046448
1 0.1953125 0.7906250357627869 0.15937499701976776 0.22708334028720856
0 0.31328126788139343 0.8760417103767395 0.07343750447034836 0.0937500074505806
2 0.6796875 0.16979166865348816 0.34375 0.33541667461395264
1 0.35625001788139343 0.3114583492279053 0.13125000894069672 0.1979166716337204
1 0.878125011920929 0.3447916805744171 0.13125000894069672 0.1979166716337204
1 0.934374988079071 0.7260417342185974 0.13125000894069672 0.1979166716337204
1 0.31640625 0.5250000357627869 0.17656250298023224 0.21666668355464935
1 0.4742187559604645 0.4739583432674408 0.15781250596046448 0.22291667759418488
1 0.3671875 0.7208333611488342 0.14374999701976776 0.22500000894069672
1 0.734375 0.6239583492279053 0.16250000894069672 0.22291667759418488
1 0.13671875 0.5937500596046448 0.15781250596046448 0.20416668057441711
1 0.21718750894069672 0.09479167312383652 0.19375000894069672 0.18541668355464935
1 0.6195312738418579 0.9250000715255737 0.18906250596046448 0.15000000596046448
1 0.6226562857627869 0.42604169249534607 0.15781250596046448 0.22291667759418488
1 0.9203125238418579 0.5250000357627869 0.15937499701976776 0.15833334624767303
1 0.16093750298023224 0.33020836114883423 0.16250000894069672 0.24375000596046448
1 0.1953125 0.7906250357627869 0.15937499701976776 0.22708334028720856
0 0.31328126788139343 0.8760417103767395 0.07343750447034836 0.0937500074505806
2 0.6796875 0.16979166865348816 0.34375 0.33541667461395264
