1 0.4156250059604645 0.7937500476837158 0.171875 0.15000000596046448
1 0.6875 0.3802083432674408 0.171875 0.2395833432674408
1 0.4749999940395355 0.3531250059604645 0.171875 0.2395833432674408
1 0.852343738079071 0.4520833492279053 0.18281249701976776 0.24166667461395264
1 0.4085937440395355 0.10833334177732468 0.1796875 0.21250000596046448
1 0.17031250894069672 0.6968750357627869 0.13125000894069672 0.20208334922790527
1 0.813281238079071 0.9197916984558105 0.14218750596046448 0.16041667759418488
1 0.573437511920929 0.9197916984558105 0.18437500298023224 0.16041667759418488
1 0.12109375 0.23750001192092896 0.16093750298023224 0.2291666716337204
1 0.06328125298023224 0.17291668057441711 0.12343750149011612 0.26250001788139343
2 0.5914062857627869 0.6354166865348816 0.2265625 0.2875000238418579
0 0.4976562559604645 0.4895833730697632 0.04531250149011612 0.07500000298023224
1 0.4156250059604645 0.7937500476837158 0.171875 0.15000000596046448
1 0.6875 0.3802083432674408 0.171875 0.2395833432674408
1 0.4749999940395355 0.3531250059604645 0.171875 0.2395833432674408
1 0.852343738079071 0.4520833492279053 0.18281249701976776 0.24166667461395264
1 0.4085937440395355 0.10833334177732468 0.1796875 0.21250000596046448
1 0.17031250894069672 0.6968750357627869 0.13125000894069672 0.20208334922790527
1 0.813281238079071 0.9197916984558105 0.14218750596046448 0.16041667759418488
1 0.573437511920929 0.9197916984558105 0.18437500298023224 0.16041667759418488
1 0.12109375 0.23750001192092896 0.16093750298023224 0.2291666716337204
1 0.06328125298023224 0.17291668057441711 0.12343750149011612 0.26250001788139343
2 0.5914062857627869 0.6354166865348816 0.2265625 0.2875000238418579
0 0.4976562559604645 0.4895833730697632 0.04531250149011612 0.07500000298023224
