1 0.14218750596046448 0.628125011920929 0.15312500298023224 0.24791668355464935
1 0.16093750298023224 0.24062500894069672 0.15312500298023224 0.24791668355464935
1 0.3046875 0.6760417222976685 0.15312500298023224 0.24791668355464935
1 0.788281261920929 0.7697917222976685 0.17343750596046448 0.24375000596046448
1 0.39375001192092896 0.4114583432674408 0.16250000894069672 0.23125001788139343
1 0.4046874940395355 0.21458333730697632 0.16875000298023224 0.18333333730697632
1 0.9039062857627869 0.5927083492279053 0.15468750894069672 0.19375000894069672
1 0.43281251192092896 0.8916667103767395 0.17812500894069672 0.21250000596046448
1 0.28515625 0.9104167222976685 0.15468750894069672 0.17916667461395264
1 0.61328125 0.36770835518836975 0.19843749701976776 0.1979166716337204
1 0.539843738079071 0.0885416716337204 0.17031250894069672 0.17291668057441711
2 0.5648437738418579 0.6520833969116211 0.3609375059604645 0.42500001192092896
0 0.90625 0.7343750596046448 0.05000000074505806 0.08125000447034836
1 0.14218750596046448 0.628125011920929 0.15312500298023224 0.24791668355464935
1 0.16093750298023224 0.24062500894069672 0.15312500298023224 0.24791668355464935
1 0.3046875 0.6760417222976685 0.15312500298023224 0.24791668355464935
1 0.788281261920929 0.7697917222976685 0.17343750596046448 0.24375000596046448
1 0.39375001192092896 0.4114583432674408 0.16250000894069672 0.23125001788139343
1 0.4046874940395355 0.21458333730697632 0.16875000298023224 0.18333333730697632
1 0.9039062857627869 0.5927083492279053 0.15468750894069672 0.19375000894069672
1 0.43281251192092896 0.8916667103767395 0.17812500894069672 0.21250000596046448
1 0.28515625 0.9104167222976685 0.15468750894069672 0.17916667461395264
1 0.61328125 0.36770835518836975 0.19843749701976776 0.1979166716337204
1 0.539843738079071 0.0885416716337204 0.17031250894069672 0.17291668057441711
2 0.5648437738418579 0.6520833969116211 0.3609375059604645 0.42500001192092896
0 0.90625 0.7343750596046448 0.05000000074505806 0.08125000447034836
