2 0.21015624701976776 0.6395833492279053 0.32343751192092896 0.4125000238418579
1 0.48906251788139343 0.7031250596046448 0.18125000596046448 0.22708334028720856
1 0.7203125357627869 0.737500011920929 0.17499999701976776 0.2750000059604645
1 0.66796875 0.3125000298023224 0.18281249701976776 0.30416667461395264
1 0.2265625 0.29895836114883423 0.171875 0.18958334624767303
1 0.40312501788139343 0.8552083969116211 0.171875 0.18958334624767303
1 0.58203125 0.9125000238418579 0.17031250894069672 0.17500001192092896
1 0.9476562738418579 0.4593750238418579 0.1015625 0.25208336114883423
1 0.8046875 0.24062500894069672 0.15312500298023224 0.24375000596046448
1 0.92578125 0.20000001788139343 0.14218750596046448 0.20000001788139343
1 0.858593761920929 0.5614583492279053 0.15468750894069672 0.23125001788139343
1 0.3773437440395355 0.1354166716337204 0.1796875 0.22083334624767303
1 0.25390625 0.18125000596046448 0.1796875 0.22083334624767303
1 0.7890625 0.92083340883255 0.15625 0.15833334624767303
1 0.5843750238418579 0.9166666865348816 0.15625 0.15833334624767303
2 0.21015624701976776 0.6395833492279053 0.32343751192092896 0.4125000238418579
1 0.48906251788139343 0.7031250596046448 0.18125000596046448 0.22708334028720856
1 0.7203125357627869 0.737500011920929 0.17499999701976776 0.2750000059604645
1 0.66796875 0.3125000298023224 0.18281249701976776 0.30416667461395264
1 0.2265625 0.29895836114883423 0.171875 0.18958334624767303
1 0.40312501788139343 0.8552083969116211 0.171875 0.18958334624767303
1 0.58203125 0.9125000238418579 0.17031250894069672 0.17500001192092896
1 0.9476562738418579 0.4593750238418579 0.1015625 0.25208336114883423
1 0.8046875 0.24062500894069672 0.15312500298023224 0.24375000596046448
1 0.92578125 0.20000001788139343 0.14218750596046448 0.20000001788139343
1 0.858593761920929 0.5614583492279053 0.15468750894069672 0.23125001788139343
1 0.3773437440395355 0.1354166716337204 0.1796875 0.22083334624767303
1 0.25390625 0.18125000596046448 0.1796875 0.22083334624767303
1 0.7890625 0.92083340883255 0.15625 0.15833334624767303
1 0.5843750238418579 0.9166666865348816 0.15625 0.15833334624767303
