1 0.578125 0.3177083432674408 0.18437500298023224 0.2395833432674408
1 0.07500000298023224 0.22500000894069672 0.14687500894069672 0.20416668057441711
1 0.20624999701976776 0.17291668057441711 0.1875 0.2083333432674408
1 0.16015625 0.8885416984558105 0.15781250596046448 0.19375000894069672
1 0.7578125 0.9187500476837158 0.19062499701976776 0.15833334624767303
1 0.885937511920929 0.20520834624767303 0.140625 0.19375000894069672
1 0.7125000357627869 0.45520836114883423 0.140625 0.19375000894069672
1 0.20624999701976776 0.42604169249534607 0.15312500298023224 0.18541668355464935
1 0.09453125298023224 0.7416667342185974 0.1640625 0.19583334028720856
1 0.850781261920929 0.4645833671092987 0.1640625 0.19583334028720856
1 0.7398437857627869 0.09166666865348816 0.15156249701976776 0.17916667461395264
2 0.421875 0.7197917103767395 0.3687500059604645 0.4520833492279053
1 0.578125 0.3177083432674408 0.18437500298023224 0.2395833432674408
1 0.07500000298023224 0.22500000894069672 0.14687500894069672 0.20416668057441711
1 0.20624999701976776 0.17291668057441711 0.1875 0.2083333432674408
1 0.16015625 0.8885416984558105 0.15781250596046448 0.19375000894069672
1 0.7578125 0.9187500476837158 0.19062499701976776 0.15833334624767303
1 0.885937511920929 0.20520834624767303 0.140625 0.19375000894069672
1 0.7125000357627869 0.45520836114883423 0.140625 0.19375000894069672
1 0.20624999701976776 0.42604169249534607 0.15312500298023224 0.18541668355464935
1 0.09453125298023224 0.7416667342185974 0.1640625 0.19583334028720856
1 0.850781261920929 0.4645833671092987 0.1640625 0.19583334028720856
1 0.7398437857627869 0.09166666865348816 0.15156249701976776 0.17916667461395264
2 0.421875 0.7197917103767395 0.3687500059604645 0.4520833492279053
