1 0.2992187440395355 0.6312500238418579 0.1796875 0.23333334922790527
1 0.6460937857627869 0.2458333522081375 0.1796875 0.23333334922790527
1 0.7210937738418579 0.7145833969116211 0.1796875 0.23333334922790527
1 0.563281238079071 0.49270835518836975 0.11406250298023224 0.24375000596046448
1 0.3203125 0.39270836114883423 0.19375000894069672 0.2395833432674408
1 0.514843761920929 0.8708333969116211 0.16718749701976776 0.22500000894069672
1 0.32500001788139343 0.8375000357627869 0.20000000298023224 0.20416668057441711
1 0.867968738079071 0.5562500357627869 0.1796875 0.23333334922790527
1 0.832812488079071 0.8927083611488342 0.15625 0.21458333730697632
1 0.598437488079071 0.07708333432674408 0.18125000596046448 0.15000000596046448
1 0.49140626192092896 0.4895833730697632 0.1796875 0.2291666716337204
1 0.19843749701976776 0.8281250596046448 0.19062499701976776 0.20208334922790527
2 0.37578126788139343 0.1666666716337204 0.33906251192092896 0.3291666805744171
1 0.2992187440395355 0.6312500238418579 0.1796875 0.23333334922790527
1 0.6460937857627869 0.2458333522081375 0.1796875 0.23333334922790527
1 0.7210937738418579 0.7145833969116211 0.1796875 0.23333334922790527
1 0.563281238079071 0.49270835518836975 0.11406250298023224 0.24375000596046448
1 0.3203125 0.39270836114883423 0.19375000894069672 0.2395833432674408
1 0.514843761920929 0.8708333969116211 0.16718749701976776 0.22500000894069672
1 0.32500001788139343 0.8375000357627869 0.20000000298023224 0.20416668057441711
1 0.867968738079071 0.5562500357627869 0.1796875 0.23333334922790527
1 0.832812488079071 0.8927083611488342 0.15625 0.21458333730697632
1 0.598437488079071 0.07708333432674408 0.18125000596046448 0.15000000596046448
1 0.49140626192092896 0.4895833730697632 0.1796875 0.2291666716337204
1 0.19843749701976776 0.8281250596046448 0.19062499701976776 0.20208334922790527
2 0.37578126788139343 0.1666666716337204 0.33906251192092896 0.3291666805744171
