1 0.1171875 0.5583333373069763 0.15312500298023224 0.21250000596046448
1 0.28125 0.5750000476837158 0.15312500298023224 0.21250000596046448
1 0.17656250298023224 0.34583336114883423 0.15312500298023224 0.21250000596046448
1 0.06484375149011612 0.3395833373069763 0.12656250596046448 0.2083333432674408
1 0.48828125 0.46250003576278687 0.1484375 0.20416668057441711
1 0.3578124940395355 0.36770835518836975 0.19687500596046448 0.18958334624767303
1 0.30781251192092896 0.20937500894069672 0.18437500298023224 0.15208333730697632
1 0.14374999701976776 0.08541667461395264 0.18125000596046448 0.1666666716337204
1 0.823437511920929 0.22500000894069672 0.203125 0.22500000894069672
1 0.637499988079071 0.0781250074505806 0.19687500596046448 0.15208333730697632
1 0.4664062559604645 0.25416669249534607 0.15781250596046448 0.21250000596046448
1 0.737500011920929 0.5 0.16250000894069672 0.2458333522081375
1 0.828125 0.4541666805744171 0.16250000894069672 0.21250000596046448
1 0.18437500298023224 0.8750000596046448 0.15312500298023224 0.21250000596046448
1 0.6640625 0.7166666984558105 0.15312500298023224 0.21250000596046448
2 0.4453125 0.7968750596046448 0.35625001788139343 0.4062500298023224
1 0.1171875 0.5583333373069763 0.15312500298023224 0.21250000596046448
1 0.28125 0.5750000476837158 0.15312500298023224 0.21250000596046448
1 0.17656250298023224 0.34583336114883423 0.15312500298023224 0.21250000596046448
1 0.06484375149011612 0.3395833373069763 0.12656250596046448 0.2083333432674408
1 0.48828125 0.46250003576278687 0.1484375 0.20416668057441711
1 0.3578124940395355 0.36770835518836975 0.19687500596046448 0.18958334624767303
1 0.30781251192092896 0.20937500894069672 0.18437500298023224 0.15208333730697632
1 0.14374999701976776 0.08541667461395264 0.18125000596046448 0.1666666716337204
1 0.823437511920929 0.22500000894069672 0.203125 0.22500000894069672
1 0.637499988079071 0.0781250074505806 0.19687500596046448 0.15208333730697632
1 0.4664062559604645 0.25416669249534607 0.15781250596046448 0.21250000596046448
1 0.737500011920929 0.5 0.16250000894069672 0.2458333522081375
1 0.828125 0.4541666805744171 0.16250000894069672 0.21250000596046448
1 0.18437500298023224 0.8750000596046448 0.15312500298023224 0.21250000596046448
1 0.6640625 0.7166666984558105 0.15312500298023224 0.21250000596046448
2 0.4453125 0.7968750596046448 0.35625001788139343 0.4062500298023224
