1 0.7250000238418579 0.8843750357627869 0.15000000596046448 0.22291667759418488
1 0.801562488079071 0.2968750298023224 0.16562500596046448 0.2187500149011612
1 0.739062488079071 0.6093750596046448 0.18437500298023224 0.1979166716337204
1 0.36406251788139343 0.675000011920929 0.140625 0.2083333432674408
1 0.2601562440395355 0.8166667222976685 0.15468750894069672 0.20000001788139343
1 0.3109374940395355 0.8979167342185974 0.15937499701976776 0.16250000894069672
1 0.5679687857627869 0.24270834028720856 0.17031250894069672 0.21458333730697632
1 0.699999988079071 0.6500000357627869 0.140625 0.19583334028720856
1 0.9398437738418579 0.3552083373069763 0.11406250298023224 0.22291667759418488
1 0.93359375 0.17812500894069672 0.1328125 0.19375000894069672
2 0.31171876192092896 0.2187500149011612 0.3984375 0.4333333671092987
0 0.9554687738418579 0.8541666865348816 0.06406249850988388 0.07916667312383652
0 0.0859375 0.515625 0.05937499925494194 0.06041666865348816
1 0.7250000238418579 0.8843750357627869 0.15000000596046448 0.22291667759418488
1 0.801562488079071 0.2968750298023224 0.16562500596046448 0.2187500149011612
1 0.739062488079071 0.6093750596046448 0.18437500298023224 0.1979166716337204
1 0.36406251788139343 0.675000011920929 0.140625 0.2083333432674408
1 0.2601562440395355 0.8166667222976685 0.15468750894069672 0.20000001788139343
1 0.3109374940395355 0.8979167342185974 0.15937499701976776 0.16250000894069672
1 0.5679687857627869 0.24270834028720856 0.17031250894069672 0.21458333730697632
1 0.699999988079071 0.6500000357627869 0.140625 0.19583334028720856
1 0.9398437738418579 0.3552083373069763 0.11406250298023224 0.22291667759418488
1 0.93359375 0.17812500894069672 0.1328125 0.19375000894069672
2 0.31171876192092896 0.2187500149011612 0.3984375 0.4333333671092987
0 0.9554687738418579 0.8541666865348816 0.06406249850988388 0.07916667312383652
0 0.0859375 0.515625 0.05937499925494194 0.06041666865348816
