1 0.4593749940395355 0.4020833671092987 0.20000000298023224 0.2083333432674408
1 0.45703125 0.0885416716337204 0.17343750596046448 0.17291668057441711
1 0.29609376192092896 0.25 0.17343750596046448 0.17500001192092896
1 0.19765625894069672 0.19687500596046448 0.14531250298023224 0.17291668057441711
1 0.848437488079071 0.0833333358168602 0.15000000596046448 0.16250000894069672
1 0.23828125 0.5104166865348816 0.14531250298023224 0.17500001192092896
1 0.710156261920929 0.8854166865348816 0.14531250298023224 0.17500001192092896
1 0.79296875 0.8666667342185974 0.14531250298023224 0.17500001192092896
1 0.4351562559604645 0.8729166984558105 0.14531250298023224 0.17500001192092896
1 0.8140625357627869 0.2802083492279053 0.15625 0.22708334028720856
1 0.671875 0.07604166865348816 0.16250000894069672 0.14791667461395264
1 0.10781250149011612 0.4281250238418579 0.15625 0.21041667461395264
2 0.4703125059604645 0.6781250238418579 0.19062499701976776 0.2645833492279053
0 0.6578125357627869 0.1927083432674408 0.05937499925494194 0.08541667461395264
0 0.4390625059604645 0.19687500596046448 0.05937499925494194 0.08541667461395264
1 0.4593749940395355 0.4020833671092987 0.20000000298023224 0.2083333432674408
1 0.45703125 0.0885416716337204 0.17343750596046448 0.17291668057441711
1 0.29609376192092896 0.25 0.17343750596046448 0.17500001192092896
1 0.19765625894069672 0.19687500596046448 0.14531250298023224 0.17291668057441711
1 0.848437488079071 0.0833333358168602 0.15000000596046448 0.16250000894069672
1 0.23828125 0.5104166865348816 0.14531250298023224 0.17500001192092896
1 0.710156261920929 0.8854166865348816 0.14531250298023224 0.17500001192092896
1 0.79296875 0.8666667342185974 0.14531250298023224 0.17500001192092896
1 0.4351562559604645 0.8729166984558105 0.14531250298023224 0.17500001192092896
1 0.8140625357627869 0.2802083492279053 0.15625 0.22708334028720856
1 0.671875 0.07604166865348816 0.16250000894069672 0.14791667461395264
1 0.10781250149011612 0.4281250238418579 0.15625 0.21041667461395264
2 0.4703125059604645 0.6781250238418579 0.19062499701976776 0.2645833492279053
0 0.6578125357627869 0.1927083432674408 0.05937499925494194 0.08541667461395264
0 0.4390625059604645 0.19687500596046448 0.05937499925494194 0.08541667461395264
