1 0.8335937857627869 0.7395833730697632 0.16718749701976776 0.22500000894069672
1 0.40234375 0.28333336114883423 0.16718749701976776 0.22500000894069672
1 0.13515625894069672 0.2770833373069763 0.16718749701976776 0.22500000894069672
1 0.26171875 0.15520833432674408 0.20468750596046448 0.27291667461395264
1 0.715624988079071 0.5416666865348816 0.17499999701976776 0.20000001788139343
1 0.09687500447034836 0.8416666984558105 0.16562500596046448 0.1875000149011612
1 0.08046875149011612 0.7385417222976685 0.15781250596046448 0.23125001788139343
1 0.7421875 0.16354167461395264 0.15937499701976776 0.18125000596046448
2 0.45625001192092896 0.7697917222976685 0.36250001192092896 0.45625001192092896
1 0.8335937857627869 0.7395833730697632 0.16718749701976776 0.22500000894069672
1 0.40234375 0.28333336114883423 0.16718749701976776 0.22500000894069672
1 0.13515625894069672 0.2770833373069763 0.16718749701976776 0.22500000894069672
1 0.26171875 0.15520833432674408 0.20468750596046448 0.27291667461395264
1 0.715624988079071 0.5416666865348816 0.17499999701976776 0.20000001788139343
1 0.09687500447034836 0.8416666984558105 0.16562500596046448 0.1875000149011612
1 0.08046875149011612 0.7385417222976685 0.15781250596046448 0.23125001788139343
1 0.7421875 0.16354167461395264 0.15937499701976776 0.18125000596046448
2 0.45625001192092896 0.7697917222976685 0.36250001192092896 0.45625001192092896
