1 0.15859375894069672 0.7229167222976685 0.1171875 0.28333336114883423
1 0.2734375 0.3531250059604645 0.17812500894069672 0.20625001192092896
1 0.07265625149011612 0.4739583432674408 0.14218750596046448 0.20625001192092896
1 0.41328126192092896 0.737500011920929 0.16093750298023224 0.2083333432674408
1 0.4124999940395355 0.9072917103767395 0.15312500298023224 0.18541668355464935
1 0.789843738079071 0.6000000238418579 0.16093750298023224 0.19583334028720856
1 0.569531261920929 0.4697916805744171 0.17656250298023224 0.1979166716337204
1 0.528124988079071 0.21458333730697632 0.16875000298023224 0.23333334922790527
1 0.815625011920929 0.07187500596046448 0.16250000894069672 0.13958333432674408
1 0.6875 0.19062501192092896 0.15312500298023224 0.1979166716337204
1 0.6773437857627869 0.4052083492279053 0.14531250298023224 0.24375000596046448
1 0.9125000238418579 0.6604167222976685 0.13125000894069672 0.19166667759418488
1 0.08906250447034836 0.16979166865348816 0.15000000596046448 0.22291667759418488
1 0.23749999701976776 0.10000000894069672 0.15312500298023224 0.19583334028720856
1 0.3773437440395355 0.08541667461395264 0.13593749701976776 0.1666666716337204
0 0.01718750037252903 0.6218750476837158 0.03125 0.0729166716337204
0 0.6304687857627869 0.5604166984558105 0.06406249850988388 0.0625
2 0.686718761920929 0.8322917222976685 0.4046874940395355 0.33541667461395264
1 0.15859375894069672 0.7229167222976685 0.1171875 0.28333336114883423
1 0.2734375 0.3531250059604645 0.17812500894069672 0.20625001192092896
1 0.07265625149011612 0.4739583432674408 0.14218750596046448 0.20625001192092896
1 0.41328126192092896 0.737500011920929 0.16093750298023224 0.2083333432674408
1 0.4124999940395355 0.9072917103767395 0.15312500298023224 0.18541668355464935
1 0.789843738079071 0.6000000238418579 0.16093750298023224 0.19583334028720856
1 0.569531261920929 0.4697916805744171 0.17656250298023224 0.1979166716337204
1 0.528124988079071 0.21458333730697632 0.16875000298023224 0.23333334922790527
1 0.815625011920929 0.07187500596046448 0.16250000894069672 0.13958333432674408
1 0.6875 0.19062501192092896 0.15312500298023224 0.1979166716337204
1 0.6773437857627869 0.4052083492279053 0.14531250298023224 0.24375000596046448
1 0.9125000238418579 0.6604167222976685 0.13125000894069672 0.19166667759418488
1 0.08906250447034836 0.16979166865348816 0.15000000596046448 0.22291667759418488
1 0.23749999701976776 0.10000000894069672 0.15312500298023224 0.19583334028720856
1 0.3773437440395355 0.08541667461395264 0.13593749701976776 0.1666666716337204
0 0.01718750037252903 0.6218750476837158 0.03125 0.0729166716337204
0 0.6304687857627869 0.5604166984558105 0.06406249850988388 0.0625
2 0.686718761920929 0.8322917222976685 0.4046874940395355 0.33541667461395264
