1 0.265625 0.5677083730697632 0.1875 0.24791668355464935
1 0.44843751192092896 0.5854166746139526 0.17812500894069672 0.22500000894069672
1 0.36406251788139343 0.10625000298023224 0.15000000596046448 0.2083333432674408
1 0.18359375 0.31979167461395264 0.1953125 0.24375000596046448
1 0.13203124701976776 0.4229166805744171 0.15156249701976776 0.22083334624767303
1 0.11171875149011612 0.8208333849906921 0.16093750298023224 0.25
1 0.6304687857627869 0.5750000476837158 0.16093750298023224 0.20000001788139343
1 0.805468738079071 0.5072916746139526 0.18281249701976776 0.23541668057441711
1 0.655468761920929 0.8052083849906921 0.18281249701976776 0.23541668057441711
1 0.2914062440395355 0.8572916984558105 0.18281249701976776 0.23541668057441711
1 0.942187488079071 0.6875000596046448 0.11562500149011612 0.23333334922790527
1 0.7890625 0.6302083730697632 0.1875 0.20625001192092896
1 0.5757812857627869 0.7750000357627869 0.18593750894069672 0.1875000149011612
1 0.741406261920929 0.09479167312383652 0.18593750894069672 0.18541668355464935
2 0.56640625 0.2906250059604645 0.3265624940395355 0.43958336114883423
1 0.265625 0.5677083730697632 0.1875 0.24791668355464935
1 0.44843751192092896 0.5854166746139526 0.17812500894069672 0.22500000894069672
1 0.36406251788139343 0.10625000298023224 0.15000000596046448 0.2083333432674408
1 0.18359375 0.31979167461395264 0.1953125 0.24375000596046448
1 0.13203124701976776 0.4229166805744171 0.15156249701976776 0.22083334624767303
1 0.11171875149011612 0.8208333849906921 0.16093750298023224 0.25
1 0.6304687857627869 0.5750000476837158 0.16093750298023224 0.20000001788139343
1 0.805468738079071 0.5072916746139526 0.18281249701976776 0.23541668057441711
1 0.655468761920929 0.8052083849906921 0.18281249701976776 0.23541668057441711
1 0.2914062440395355 0.8572916984558105 0.18281249701976776 0.23541668057441711
1 0.942187488079071 0.6875000596046448 0.11562500149011612 0.23333334922790527
1 0.7890625 0.6302083730697632 0.1875 0.20625001192092896
1 0.5757812857627869 0.7750000357627869 0.18593750894069672 0.1875000149011612
1 0.741406261920929 0.09479167312383652 0.18593750894069672 0.18541668355464935
2 0.56640625 0.2906250059604645 0.3265624940395355 0.43958336114883423
