1 0.23984375596046448 0.6333333849906921 0.14531250298023224 0.22500000894069672
1 0.535937488079071 0.8593750596046448 0.203125 0.22708334028720856
1 0.74609375 0.2343750149011612 0.16093750298023224 0.21041667461395264
1 0.510937511920929 0.25 0.19062499701976776 0.21250000596046448
1 0.34062501788139343 0.25 0.17499999701976776 0.2291666716337204
1 0.8500000238418579 0.6302083730697632 0.16250000894069672 0.2187500149011612
1 0.925000011920929 0.48229169845581055 0.15000000596046448 0.23125001788139343
1 0.109375 0.48645836114883423 0.203125 0.22708334028720856
0 0.19921875 0.8291667103767395 0.11406250298023224 0.125
2 0.573437511920929 0.534375011920929 0.2906250059604645 0.3895833492279053
1 0.23984375596046448 0.6333333849906921 0.14531250298023224 0.22500000894069672
1 0.535937488079071 0.8593750596046448 0.203125 0.22708334028720856
1 0.74609375 0.2343750149011612 0.16093750298023224 0.21041667461395264
1 0.510937511920929 0.25 0.19062499701976776 0.21250000596046448
1 0.34062501788139343 0.25 0.17499999701976776 0.2291666716337204
1 0.8500000238418579 0.6302083730697632 0.16250000894069672 0.2187500149011612
1 0.925000011920929 0.48229169845581055 0.15000000596046448 0.23125001788139343
1 0.109375 0.48645836114883423 0.203125 0.22708334028720856
0 0.19921875 0.8291667103767395 0.11406250298023224 0.125
2 0.573437511920929 0.534375011920929 0.2906250059604645 0.3895833492279053
