1 0.8960937857627869 0.5 0.18593750894069672 0.22083334624767303
1 0.6773437857627869 0.25416669249534607 0.1640625 0.2875000238418579
1 0.45000001788139343 0.15937501192092896 0.20624999701976776 0.25208336114883423
1 0.13828125596046448 0.3760416805744171 0.1171875 0.16875000298023224
1 0.05000000074505806 0.32083335518836975 0.09687500447034836 0.22500000894069672
1 0.721875011920929 0.5427083373069763 0.17499999701976776 0.2187500149011612
0 0.18046875298023224 0.8958333730697632 0.04843750223517418 0.0625
2 0.48750001192092896 0.6718750596046448 0.3812499940395355 0.4645833671092987
0 0.93359375 0.9083333611488342 0.06406249850988388 0.07916667312383652
1 0.8960937857627869 0.5 0.18593750894069672 0.22083334624767303
1 0.6773437857627869 0.25416669249534607 0.1640625 0.2875000238418579
1 0.45000001788139343 0.15937501192092896 0.20624999701976776 0.25208336114883423
1 0.13828125596046448 0.3760416805744171 0.1171875 0.16875000298023224
1 0.05000000074505806 0.32083335518836975 0.09687500447034836 0.22500000894069672
1 0.721875011920929 0.5427083373069763 0.17499999701976776 0.2187500149011612
0 0.18046875298023224 0.8958333730697632 0.04843750223517418 0.0625
2 0.48750001192092896 0.6718750596046448 0.3812499940395355 0.4645833671092987
0 0.93359375 0.9083333611488342 0.06406249850988388 0.07916667312383652
