1 0.882031261920929 0.4541666805744171 0.14531250298023224 0.2083333432674408
1 0.7632812857627869 0.2968750298023224 0.1953125 0.23125001788139343
1 0.8695312738418579 0.7385417222976685 0.17031250894069672 0.23541668057441711
1 0.48515626788139343 0.6270833611488342 0.18906250596046448 0.23333334922790527
1 0.17812500894069672 0.33229169249534607 0.17499999701976776 0.23125001788139343
1 0.6890625357627869 0.6520833969116211 0.19687500596046448 0.2291666716337204
1 0.4281249940395355 0.35729169845581055 0.14374999701976776 0.18958334624767303
1 0.3359375 0.2593750059604645 0.14374999701976776 0.18958334624767303
1 0.07421875 0.08750000596046448 0.14218750596046448 0.17083334922790527
1 0.10703124850988388 0.5645833611488342 0.1640625 0.17500001192092896
1 0.09531249850988388 0.6562500596046448 0.16875000298023224 0.21666668355464935
1 0.62890625 0.43020835518836975 0.16718749701976776 0.33125001192092896
1 0.782031238079071 0.08125000447034836 0.1953125 0.15833334624767303
1 0.4195312559604645 0.2302083522081375 0.12968750298023224 0.16458334028720856
0 0.678906261920929 0.8635417222976685 0.06718750298023224 0.07708333432674408
0 0.555468738079071 0.47708335518836975 0.06718750298023224 0.07916667312383652
0 0.3070312440395355 0.4020833671092987 0.05156249925494194 0.10000000894069672
0 0.15625 0.06875000149011612 0.06875000149011612 0.07500000298023224
2 0.30000001192092896 0.8052083849906921 0.35625001788139343 0.3895833492279053
1 0.882031261920929 0.4541666805744171 0.14531250298023224 0.2083333432674408
1 0.7632812857627869 0.2968750298023224 0.1953125 0.23125001788139343
1 0.8695312738418579 0.7385417222976685 0.17031250894069672 0.23541668057441711
1 0.48515626788139343 0.6270833611488342 0.18906250596046448 0.23333334922790527
1 0.17812500894069672 0.33229169249534607 0.17499999701976776 0.23125001788139343
1 0.6890625357627869 0.6520833969116211 0.19687500596046448 0.2291666716337204
1 0.4281249940395355 0.35729169845581055 0.14374999701976776 0.18958334624767303
1 0.3359375 0.2593750059604645 0.14374999701976776 0.18958334624767303
1 0.07421875 0.08750000596046448 0.14218750596046448 0.17083334922790527
1 0.10703124850988388 0.5645833611488342 0.1640625 0.17500001192092896
1 0.09531249850988388 0.6562500596046448 0.16875000298023224 0.21666668355464935
1 0.62890625 0.43020835518836975 0.16718749701976776 0.33125001192092896
1 0.782031238079071 0.08125000447034836 0.1953125 0.15833334624767303
1 0.4195312559604645 0.2302083522081375 0.12968750298023224 0.16458334028720856
0 0.678906261920929 0.8635417222976685 0.06718750298023224 0.07708333432674408
0 0.555468738079071 0.47708335518836975 0.06718750298023224 0.07916667312383652
0 0.3070312440395355 0.4020833671092987 0.05156249925494194 0.10000000894069672
0 0.15625 0.06875000149011612 0.06875000149011612 0.07500000298023224
2 0.30000001192092896 0.8052083849906921 0.35625001788139343 0.3895833492279053
