1 0.09609375149011612 0.4208333492279053 0.14218750596046448 0.2083333432674408
1 0.10703124850988388 0.6500000357627869 0.15781250596046448 0.21250000596046448
1 0.13828125596046448 0.8833333849906921 0.15156249701976776 0.2291666716337204
1 0.4117187559604645 0.2510416805744171 0.18906250596046448 0.21041667461395264
1 0.23046875 0.34062501788139343 0.18906250596046448 0.21041667461395264
1 0.26953125 0.10625000298023224 0.18906250596046448 0.2083333432674408
1 0.625781238079071 0.20937500894069672 0.18906250596046448 0.21041667461395264
1 0.76171875 0.5520833730697632 0.18906250596046448 0.21250000596046448
1 0.757031261920929 0.7604166865348816 0.18906250596046448 0.21250000596046448
1 0.9140625 0.8968750238418579 0.171875 0.20625001192092896
1 0.8109375238418579 0.3395833373069763 0.20000000298023224 0.25833335518836975
0 0.21015624701976776 0.5458333492279053 0.06093750149011612 0.07083334028720856
2 0.45390626788139343 0.7520833611488342 0.3421874940395355 0.44583335518836975
1 0.09609375149011612 0.4208333492279053 0.14218750596046448 0.2083333432674408
1 0.10703124850988388 0.6500000357627869 0.15781250596046448 0.21250000596046448
1 0.13828125596046448 0.8833333849906921 0.15156249701976776 0.2291666716337204
1 0.4117187559604645 0.2510416805744171 0.18906250596046448 0.21041667461395264
1 0.23046875 0.34062501788139343 0.18906250596046448 0.21041667461395264
1 0.26953125 0.10625000298023224 0.18906250596046448 0.2083333432674408
1 0.625781238079071 0.20937500894069672 0.18906250596046448 0.21041667461395264
1 0.76171875 0.5520833730697632 0.18906250596046448 0.21250000596046448
1 0.757031261920929 0.7604166865348816 0.18906250596046448 0.21250000596046448
1 0.9140625 0.8968750238418579 0.171875 0.20625001192092896
1 0.8109375238418579 0.3395833373069763 0.20000000298023224 0.25833335518836975
0 0.21015624701976776 0.5458333492279053 0.06093750149011612 0.07083334028720856
2 0.45390626788139343 0.7520833611488342 0.3421874940395355 0.44583335518836975
