2 0.11250000447034836 0.5458333492279053 0.22187499701976776 0.2958333492279053
1 0.2757812440395355 0.6447917222976685 0.16718749701976776 0.25208336114883423
1 0.2953124940395355 0.34583336114883423 0.125 0.22083334624767303
1 0.37187501788139343 0.3541666865348816 0.125 0.22083334624767303
1 0.35859376192092896 0.21041667461395264 0.10781250149011612 0.17916667461395264
1 0.526562511920929 0.6739583611488342 0.14374999701976776 0.22291667759418488
1 0.5882812738418579 0.9187500476837158 0.1640625 0.16250000894069672
1 0.6429687738418579 0.9187500476837158 0.1640625 0.16250000894069672
1 0.6617187857627869 0.6031250357627869 0.15156249701976776 0.21041667461395264
1 0.789843738079071 0.503125011920929 0.15156249701976776 0.21041667461395264
1 0.557812511920929 0.4697916805744171 0.18125000596046448 0.21458333730697632
1 0.792187511920929 0.9031250476837158 0.15312500298023224 0.19375000894069672
1 0.05937499925494194 0.7781250476837158 0.11562500149011612 0.21458333730697632
1 0.05312500149011612 0.2645833492279053 0.10312499850988388 0.2666666805744171
1 0.56640625 0.08541667461395264 0.20468750596046448 0.1666666716337204
1 0.8570312857627869 0.6010416746139526 0.15156249701976776 0.21041667461395264
1 0.8335937857627869 0.690625011920929 0.15156249701976776 0.21041667461395264
1 0.8148437738418579 0.8093750476837158 0.15156249701976776 0.21041667461395264
1 0.9468750357627869 0.8447917103767395 0.10625000298023224 0.20625001192092896
1 0.91015625 0.1614583432674408 0.1796875 0.29375001788139343
1 0.7835937738418579 0.20208334922790527 0.17656250298023224 0.25833335518836975
0 0.574999988079071 0.23750001192092896 0.06562500447034836 0.09583333879709244
0 0.6656250357627869 0.22708334028720856 0.06562500447034836 0.09583333879709244
0 0.503125011920929 0.09583333879709244 0.06562500447034836 0.09583333879709244
1 0.5328125357627869 0.36666667461395264 0.171875 0.22083334624767303
2 0.11250000447034836 0.5458333492279053 0.22187499701976776 0.2958333492279053
1 0.2757812440395355 0.6447917222976685 0.16718749701976776 0.25208336114883423
1 0.2953124940395355 0.34583336114883423 0.125 0.22083334624767303
1 0.37187501788139343 0.3541666865348816 0.125 0.22083334624767303
1 0.35859376192092896 0.21041667461395264 0.10781250149011612 0.17916667461395264
1 0.526562511920929 0.6739583611488342 0.14374999701976776 0.22291667759418488
1 0.5882812738418579 0.9187500476837158 0.1640625 0.16250000894069672
1 0.6429687738418579 0.9187500476837158 0.1640625 0.16250000894069672
1 0.6617187857627869 0.6031250357627869 0.15156249701976776 0.21041667461395264
1 0.789843738079071 0.503125011920929 0.15156249701976776 0.21041667461395264
1 0.557812511920929 0.4697916805744171 0.18125000596046448 0.21458333730697632
1 0.792187511920929 0.9031250476837158 0.15312500298023224 0.19375000894069672
1 0.05937499925494194 0.7781250476837158 0.11562500149011612 0.21458333730697632
1 0.05312500149011612 0.2645833492279053 0.10312499850988388 0.2666666805744171
1 0.56640625 0.08541667461395264 0.20468750596046448 0.1666666716337204
1 0.8570312857627869 0.6010416746139526 0.15156249701976776 0.21041667461395264
1 0.8335937857627869 0.690625011920929 0.15156249701976776 0.21041667461395264
1 0.8148437738418579 0.8093750476837158 0.15156249701976776 0.21041667461395264
1 0.9468750357627869 0.8447917103767395 0.10625000298023224 0.20625001192092896
1 0.91015625 0.1614583432674408 0.1796875 0.29375001788139343
1 0.7835937738418579 0.20208334922790527 0.17656250298023224 0.25833335518836975
0 0.574999988079071 0.23750001192092896 0.06562500447034836 0.09583333879709244
0 0.6656250357627869 0.22708334028720856 0.06562500447034836 0.09583333879709244
0 0.503125011920929 0.09583333879709244 0.06562500447034836 0.09583333879709244
1 0.5328125357627869 0.36666667461395264 0.171875 0.22083334624767303
