1 0.0703125 0.6645833849906921 0.13750000298023224 0.2458333522081375
1 0.19843749701976776 0.34791669249534607 0.171875 0.25833335518836975
1 0.600781261920929 0.5552083849906921 0.13906250894069672 0.21458333730697632
1 0.41093751788139343 0.6010416746139526 0.17812500894069672 0.17291668057441711
1 0.543749988079071 0.753125011920929 0.19062499701976776 0.21041667461395264
1 0.35625001788139343 0.8302083611488342 0.19062499701976776 0.21041667461395264
1 0.6234375238418579 0.11354167014360428 0.15000000596046448 0.20208334922790527
1 0.731249988079071 0.26770836114883423 0.20000000298023224 0.1770833432674408
1 0.7906250357627869 0.88958340883255 0.17499999701976776 0.22083334624767303
1 0.7789062857627869 0.6468750238418579 0.19843749701976776 0.21458333730697632
1 0.12890625 0.8927083611488342 0.18593750894069672 0.21458333730697632
1 0.32500001788139343 0.12187500298023224 0.15000000596046448 0.20208334922790527
1 0.870312511920929 0.4072916805744171 0.15000000596046448 0.20208334922790527
1 0.81640625 0.08125000447034836 0.15156249701976776 0.15833334624767303
2 0.45390626788139343 0.3218750059604645 0.32343751192092896 0.460416704416275
1 0.0703125 0.6645833849906921 0.13750000298023224 0.2458333522081375
1 0.19843749701976776 0.34791669249534607 0.171875 0.25833335518836975
1 0.600781261920929 0.5552083849906921 0.13906250894069672 0.21458333730697632
1 0.41093751788139343 0.6010416746139526 0.17812500894069672 0.17291668057441711
1 0.543749988079071 0.753125011920929 0.19062499701976776 0.21041667461395264
1 0.35625001788139343 0.8302083611488342 0.19062499701976776 0.21041667461395264
1 0.6234375238418579 0.11354167014360428 0.15000000596046448 0.20208334922790527
1 0.731249988079071 0.26770836114883423 0.20000000298023224 0.1770833432674408
1 0.7906250357627869 0.88958340883255 0.17499999701976776 0.22083334624767303
1 0.7789062857627869 0.6468750238418579 0.19843749701976776 0.21458333730697632
1 0.12890625 0.8927083611488342 0.18593750894069672 0.21458333730697632
1 0.32500001788139343 0.12187500298023224 0.15000000596046448 0.20208334922790527
1 0.870312511920929 0.4072916805744171 0.15000000596046448 0.20208334922790527
1 0.81640625 0.08125000447034836 0.15156249701976776 0.15833334624767303
2 0.45390626788139343 0.3218750059604645 0.32343751192092896 0.460416704416275
