1 0.2710937559604645 0.1822916716337204 0.17343750596046448 0.2645833492279053
1 0.725781261920929 0.4166666865348816 0.14531250298023224 0.2083333432674408
1 0.5562500357627869 0.0833333358168602 0.16562500596046448 0.16250000894069672
1 0.528124988079071 0.3895833492279053 0.16875000298023224 0.22083334624767303
1 0.14218750596046448 0.4854166805744171 0.16875000298023224 0.19166667759418488
1 0.31328126788139343 0.5864583849906921 0.17343750596046448 0.16041667759418488
1 0.3218750059604645 0.38229167461395264 0.15625 0.18958334624767303
1 0.8578125238418579 0.5947917103767395 0.15312500298023224 0.23541668057441711
1 0.07734375447034836 0.26354166865348816 0.15156249701976776 0.23541668057441711
1 0.616406261920929 0.17916667461395264 0.1953125 0.23750001192092896
1 0.58203125 0.9229167103767395 0.20468750596046448 0.15000000596046448
2 0.6031250357627869 0.6625000238418579 0.31562501192092896 0.4208333492279053
1 0.2710937559604645 0.1822916716337204 0.17343750596046448 0.2645833492279053
1 0.725781261920929 0.4166666865348816 0.14531250298023224 0.2083333432674408
1 0.5562500357627869 0.0833333358168602 0.16562500596046448 0.16250000894069672
1 0.528124988079071 0.3895833492279053 0.16875000298023224 0.22083334624767303
1 0.14218750596046448 0.4854166805744171 0.16875000298023224 0.19166667759418488
1 0.31328126788139343 0.5864583849906921 0.17343750596046448 0.16041667759418488
1 0.3218750059604645 0.38229167461395264 0.15625 0.18958334624767303
1 0.8578125238418579 0.5947917103767395 0.15312500298023224 0.23541668057441711
1 0.07734375447034836 0.26354166865348816 0.15156249701976776 0.23541668057441711
1 0.616406261920929 0.17916667461395264 0.1953125 0.23750001192092896
1 0.58203125 0.9229167103767395 0.20468750596046448 0.15000000596046448
2 0.6031250357627869 0.6625000238418579 0.31562501192092896 0.4208333492279053
