0 0.8257812857627869 0.44166669249534607 0.0703125 0.0833333358168602
2 0.43359375 0.47291669249534607 0.2421875 0.31666669249534607
1 0.34687501192092896 0.6958333849906921 0.22812500596046448 0.22083334624767303
1 0.22109375894069672 0.40937501192092896 0.16093750298023224 0.2187500149011612
1 0.08046875149011612 0.23229168355464935 0.15781250596046448 0.2187500149011612
1 0.08046875149011612 0.13437500596046448 0.15781250596046448 0.2187500149011612
1 0.17656250298023224 0.06354167312383652 0.15312500298023224 0.12291667610406876
1 0.41093751788139343 0.21979168057441711 0.16875000298023224 0.13958333432674408
1 0.7085937857627869 0.6552083492279053 0.15468750894069672 0.23125001788139343
1 0.37578126788139343 0.8843750357627869 0.15468750894069672 0.23125001788139343
1 0.13671875 0.628125011920929 0.15468750894069672 0.23125001788139343
1 0.7093750238418579 0.13958333432674408 0.18125000596046448 0.21250000596046448
1 0.942187488079071 0.3083333373069763 0.11562500149011612 0.21666668355464935
1 0.909375011920929 0.7437500357627869 0.18125000596046448 0.21250000596046448
1 0.9281250238418579 0.9166666865348816 0.14374999701976776 0.1666666716337204
1 0.671093761920929 0.8427083492279053 0.15468750894069672 0.23125001788139343
1 0.7984375357627869 0.9312500357627869 0.13750000298023224 0.13750000298023224
0 0.8257812857627869 0.44166669249534607 0.0703125 0.0833333358168602
2 0.43359375 0.47291669249534607 0.2421875 0.31666669249534607
1 0.34687501192092896 0.6958333849906921 0.22812500596046448 0.22083334624767303
1 0.22109375894069672 0.40937501192092896 0.16093750298023224 0.2187500149011612
1 0.08046875149011612 0.23229168355464935 0.15781250596046448 0.2187500149011612
1 0.08046875149011612 0.13437500596046448 0.15781250596046448 0.2187500149011612
1 0.17656250298023224 0.06354167312383652 0.15312500298023224 0.12291667610406876
1 0.41093751788139343 0.21979168057441711 0.16875000298023224 0.13958333432674408
1 0.7085937857627869 0.6552083492279053 0.15468750894069672 0.23125001788139343
1 0.37578126788139343 0.8843750357627869 0.15468750894069672 0.23125001788139343
1 0.13671875 0.628125011920929 0.15468750894069672 0.23125001788139343
1 0.7093750238418579 0.13958333432674408 0.18125000596046448 0.21250000596046448
1 0.942187488079071 0.3083333373069763 0.11562500149011612 0.21666668355464935
1 0.909375011920929 0.7437500357627869 0.18125000596046448 0.21250000596046448
1 0.9281250238418579 0.9166666865348816 0.14374999701976776 0.1666666716337204
1 0.671093761920929 0.8427083492279053 0.15468750894069672 0.23125001788139343
1 0.7984375357627869 0.9312500357627869 0.13750000298023224 0.13750000298023224
