1 0.26093751192092896 0.5114583373069763 0.18125000596046448 0.20625001192092896
1 0.3539062440395355 0.7250000238418579 0.15781250596046448 0.21666668355464935
1 0.25312501192092896 0.737500011920929 0.14374999701976776 0.1875000149011612
1 0.38203126192092896 0.11354167014360428 0.1796875 0.22291667759418488
1 0.784375011920929 0.8375000357627869 0.15937499701976776 0.21666668355464935
1 0.796093761920929 0.476041704416275 0.16718749701976776 0.23125001788139343
1 0.768750011920929 0.5750000476837158 0.16562500596046448 0.21250000596046448
1 0.4937500059604645 0.36770835518836975 0.171875 0.1979166716337204
1 0.9375 0.27291667461395264 0.125 0.2458333522081375
1 0.9195312857627869 0.0729166716337204 0.15781250596046448 0.14166668057441711
1 0.782031238079071 0.0729166716337204 0.15781250596046448 0.14166668057441711
1 0.58984375 0.09687500447034836 0.15781250596046448 0.18958334624767303
1 0.735156238079071 0.2343750149011612 0.15468750894069672 0.20208334922790527
1 0.43359375 0.3281250298023224 0.15468750894069672 0.20208334922790527
1 0.18984375894069672 0.19479167461395264 0.15468750894069672 0.20208334922790527
1 0.11015625298023224 0.6260417103767395 0.16718749701976776 0.23125001788139343
1 0.47734376788139343 0.5604166984558105 0.15781250596046448 0.15000000596046448
1 0.9312500357627869 0.5937500596046448 0.13750000298023224 0.21666668355464935
2 0.62109375 0.7812500596046448 0.24531249701976776 0.32500001788139343
1 0.26093751192092896 0.5114583373069763 0.18125000596046448 0.20625001192092896
1 0.3539062440395355 0.7250000238418579 0.15781250596046448 0.21666668355464935
1 0.25312501192092896 0.737500011920929 0.14374999701976776 0.1875000149011612
1 0.38203126192092896 0.11354167014360428 0.1796875 0.22291667759418488
1 0.784375011920929 0.8375000357627869 0.15937499701976776 0.21666668355464935
1 0.796093761920929 0.476041704416275 0.16718749701976776 0.23125001788139343
1 0.768750011920929 0.5750000476837158 0.16562500596046448 0.21250000596046448
1 0.4937500059604645 0.36770835518836975 0.171875 0.1979166716337204
1 0.9375 0.27291667461395264 0.125 0.2458333522081375
1 0.9195312857627869 0.0729166716337204 0.15781250596046448 0.14166668057441711
1 0.782031238079071 0.0729166716337204 0.15781250596046448 0.14166668057441711
1 0.58984375 0.09687500447034836 0.15781250596046448 0.18958334624767303
1 0.735156238079071 0.2343750149011612 0.15468750894069672 0.20208334922790527
1 0.43359375 0.3281250298023224 0.15468750894069672 0.20208334922790527
1 0.18984375894069672 0.19479167461395264 0.15468750894069672 0.20208334922790527
1 0.11015625298023224 0.6260417103767395 0.16718749701976776 0.23125001788139343
1 0.47734376788139343 0.5604166984558105 0.15781250596046448 0.15000000596046448
1 0.9312500357627869 0.5937500596046448 0.13750000298023224 0.21666668355464935
2 0.62109375 0.7812500596046448 0.24531249701976776 0.32500001788139343
