1 0.10234375298023224 0.5937500596046448 0.15156249701976776 0.2083333432674408
1 0.4039062559604645 0.6708333492279053 0.15156249701976776 0.2083333432674408
1 0.6015625 0.38750001788139343 0.1875 0.21666668355464935
1 0.5078125 0.2239583432674408 0.171875 0.21041667461395264
1 0.3460937440395355 0.09062500298023224 0.19218750298023224 0.1770833432674408
1 0.3812499940395355 0.4229166805744171 0.16875000298023224 0.2083333432674408
1 0.753125011920929 0.8947917222976685 0.16875000298023224 0.21041667461395264
1 0.8296875357627869 0.5135416984558105 0.16875000298023224 0.21041667461395264
1 0.8296875357627869 0.11875000596046448 0.13750000298023224 0.17083334922790527
1 0.8890625238418579 0.3395833373069763 0.13750000298023224 0.17083334922790527
1 0.09062500298023224 0.7916666865348816 0.17812500894069672 0.2458333522081375
1 0.26250001788139343 0.7437500357627869 0.17812500894069672 0.20416668057441711
2 0.6429687738418579 0.6718750596046448 0.22031250596046448 0.2604166865348816
0 0.508593738079071 0.7447916865348816 0.06093750149011612 0.06458333879709244
0 0.7125000357627869 0.45000001788139343 0.05625000223517418 0.07500000298023224
1 0.10234375298023224 0.5937500596046448 0.15156249701976776 0.2083333432674408
1 0.4039062559604645 0.6708333492279053 0.15156249701976776 0.2083333432674408
1 0.6015625 0.38750001788139343 0.1875 0.21666668355464935
1 0.5078125 0.2239583432674408 0.171875 0.21041667461395264
1 0.3460937440395355 0.09062500298023224 0.19218750298023224 0.1770833432674408
1 0.3812499940395355 0.4229166805744171 0.16875000298023224 0.2083333432674408
1 0.753125011920929 0.8947917222976685 0.16875000298023224 0.21041667461395264
1 0.8296875357627869 0.5135416984558105 0.16875000298023224 0.21041667461395264
1 0.8296875357627869 0.11875000596046448 0.13750000298023224 0.17083334922790527
1 0.8890625238418579 0.3395833373069763 0.13750000298023224 0.17083334922790527
1 0.09062500298023224 0.7916666865348816 0.17812500894069672 0.2458333522081375
1 0.26250001788139343 0.7437500357627869 0.17812500894069672 0.20416668057441711
2 0.6429687738418579 0.6718750596046448 0.22031250596046448 0.2604166865348816
0 0.508593738079071 0.7447916865348816 0.06093750149011612 0.06458333879709244
0 0.7125000357627869 0.45000001788139343 0.05625000223517418 0.07500000298023224
