1 0.09843750298023224 0.8437500596046448 0.1875 0.2458333522081375
1 0.3515625 0.44166669249534607 0.1875 0.2458333522081375
1 0.65234375 0.1093750074505806 0.18281249701976776 0.21458333730697632
1 0.5132812857627869 0.3020833432674408 0.18281249701976776 0.21666668355464935
1 0.694531261920929 0.5083333849906921 0.17343750596046448 0.2875000238418579
1 0.936718761920929 0.22812500596046448 0.12656250596046448 0.24375000596046448
1 0.8609375357627869 0.9395833611488342 0.18437500298023224 0.11666667461395264
1 0.14218750596046448 0.491666704416275 0.1875 0.2458333522081375
1 0.31640625 0.1822916716337204 0.16718749701976776 0.18541668355464935
1 0.46796876192092896 0.9510416984558105 0.16718749701976776 0.09791667014360428
1 0.717968761920929 0.3447916805744171 0.20468750596046448 0.21458333730697632
1 0.817187488079071 0.5625 0.16875000298023224 0.2458333522081375
0 0.484375 0.7364583611488342 0.046875 0.06458333879709244
0 0.15156249701976776 0.14375001192092896 0.05625000223517418 0.08750000596046448
2 0.62890625 0.8312500715255737 0.2640624940395355 0.3375000059604645
1 0.09843750298023224 0.8437500596046448 0.1875 0.2458333522081375
1 0.3515625 0.44166669249534607 0.1875 0.2458333522081375
1 0.65234375 0.1093750074505806 0.18281249701976776 0.21458333730697632
1 0.5132812857627869 0.3020833432674408 0.18281249701976776 0.21666668355464935
1 0.694531261920929 0.5083333849906921 0.17343750596046448 0.2875000238418579
1 0.936718761920929 0.22812500596046448 0.12656250596046448 0.24375000596046448
1 0.8609375357627869 0.9395833611488342 0.18437500298023224 0.11666667461395264
1 0.14218750596046448 0.491666704416275 0.1875 0.2458333522081375
1 0.31640625 0.1822916716337204 0.16718749701976776 0.18541668355464935
1 0.46796876192092896 0.9510416984558105 0.16718749701976776 0.09791667014360428
1 0.717968761920929 0.3447916805744171 0.20468750596046448 0.21458333730697632
1 0.817187488079071 0.5625 0.16875000298023224 0.2458333522081375
0 0.484375 0.7364583611488342 0.046875 0.06458333879709244
0 0.15156249701976776 0.14375001192092896 0.05625000223517418 0.08750000596046448
2 0.62890625 0.8312500715255737 0.2640624940395355 0.3375000059604645
