1 0.35625001788139343 0.737500011920929 0.19062499701976776 0.23333334922790527
1 0.08203125 0.721875011920929 0.16093750298023224 0.21458333730697632
1 0.7734375 0.20937500894069672 0.16250000894069672 0.21458333730697632
1 0.698437511920929 0.2552083432674408 0.16250000894069672 0.21458333730697632
1 0.6156250238418579 0.36354169249534607 0.17812500894069672 0.26875001192092896
1 0.390625 0.4114583432674408 0.19687500596046448 0.23541668057441711
1 0.22734375298023224 0.10000000894069672 0.1640625 0.19583334028720856
1 0.37890625 0.21458333730697632 0.17656250298023224 0.21250000596046448
1 0.573437511920929 0.08958333730697632 0.16875000298023224 0.17500001192092896
1 0.518750011920929 0.643750011920929 0.14687500894069672 0.19166667759418488
1 0.5328125357627869 0.7739583849906921 0.15625 0.18958334624767303
1 0.5328125357627869 0.8781250715255737 0.15625 0.18958334624767303
1 0.7171875238418579 0.9031250476837158 0.15625 0.18958334624767303
1 0.19765625894069672 0.7343750596046448 0.1640625 0.23541668057441711
2 0.8765625357627869 0.7510417103767395 0.24687500298023224 0.3854166865348816
0 0.737500011920929 0.6468750238418579 0.05937499925494194 0.07708333432674408
0 0.4117187559604645 0.05937500298023224 0.05156249925494194 0.08958333730697632
1 0.35625001788139343 0.737500011920929 0.19062499701976776 0.23333334922790527
1 0.08203125 0.721875011920929 0.16093750298023224 0.21458333730697632
1 0.7734375 0.20937500894069672 0.16250000894069672 0.21458333730697632
1 0.698437511920929 0.2552083432674408 0.16250000894069672 0.21458333730697632
1 0.6156250238418579 0.36354169249534607 0.17812500894069672 0.26875001192092896
1 0.390625 0.4114583432674408 0.19687500596046448 0.23541668057441711
1 0.22734375298023224 0.10000000894069672 0.1640625 0.19583334028720856
1 0.37890625 0.21458333730697632 0.17656250298023224 0.21250000596046448
1 0.573437511920929 0.08958333730697632 0.16875000298023224 0.17500001192092896
1 0.518750011920929 0.643750011920929 0.14687500894069672 0.19166667759418488
1 0.5328125357627869 0.7739583849906921 0.15625 0.18958334624767303
1 0.5328125357627869 0.8781250715255737 0.15625 0.18958334624767303
1 0.7171875238418579 0.9031250476837158 0.15625 0.18958334624767303
1 0.19765625894069672 0.7343750596046448 0.1640625 0.23541668057441711
2 0.8765625357627869 0.7510417103767395 0.24687500298023224 0.3854166865348816
0 0.737500011920929 0.6468750238418579 0.05937499925494194 0.07708333432674408
0 0.4117187559604645 0.05937500298023224 0.05156249925494194 0.08958333730697632
