1 0.40937501192092896 0.8364583849906921 0.15000000596046448 0.21458333730697632
1 0.7523437738418579 0.7041667103767395 0.1328125 0.18333333730697632
1 0.2554687559604645 0.5645833611488342 0.18906250596046448 0.21250000596046448
1 0.5171875357627869 0.5385416746139526 0.18125000596046448 0.18541668355464935
1 0.90234375 0.6781250238418579 0.1640625 0.1770833432674408
1 0.8773437738418579 0.9114583730697632 0.1796875 0.1770833432674408
1 0.23203125596046448 0.9302083849906921 0.17343750596046448 0.13958333432674408
1 0.10312499850988388 0.8260416984558105 0.18437500298023224 0.18125000596046448
1 0.6585937738418579 0.35104167461395264 0.15156249701976776 0.2187500149011612
1 0.79296875 0.3656250238418579 0.13593749701976776 0.22291667759418488
1 0.5179687738418579 0.2864583432674408 0.13593749701976776 0.22291667759418488
1 0.609375 0.6656250357627869 0.171875 0.19375000894069672
1 0.944531261920929 0.5010417103767395 0.11093749850988388 0.18958334624767303
1 0.7054687738418579 0.90520840883255 0.17656250298023224 0.18958334624767303
2 0.27812501788139343 0.24166667461395264 0.36250001192092896 0.4541666805744171
1 0.40937501192092896 0.8364583849906921 0.15000000596046448 0.21458333730697632
1 0.7523437738418579 0.7041667103767395 0.1328125 0.18333333730697632
1 0.2554687559604645 0.5645833611488342 0.18906250596046448 0.21250000596046448
1 0.5171875357627869 0.5385416746139526 0.18125000596046448 0.18541668355464935
1 0.90234375 0.6781250238418579 0.1640625 0.1770833432674408
1 0.8773437738418579 0.9114583730697632 0.1796875 0.1770833432674408
1 0.23203125596046448 0.9302083849906921 0.17343750596046448 0.13958333432674408
1 0.10312499850988388 0.8260416984558105 0.18437500298023224 0.18125000596046448
1 0.6585937738418579 0.35104167461395264 0.15156249701976776 0.2187500149011612
1 0.79296875 0.3656250238418579 0.13593749701976776 0.22291667759418488
1 0.5179687738418579 0.2864583432674408 0.13593749701976776 0.22291667759418488
1 0.609375 0.6656250357627869 0.171875 0.19375000894069672
1 0.944531261920929 0.5010417103767395 0.11093749850988388 0.18958334624767303
1 0.7054687738418579 0.90520840883255 0.17656250298023224 0.18958334624767303
2 0.27812501788139343 0.24166667461395264 0.36250001192092896 0.4541666805744171
