1 0.69921875 0.22500000894069672 0.17031250894069672 0.22500000894069672
1 0.698437511920929 0.8208333849906921 0.14687500894069672 0.18333333730697632
1 0.2265625 0.5979167222976685 0.20000000298023224 0.20000001788139343
1 0.596875011920929 0.6520833969116211 0.16250000894069672 0.2291666716337204
1 0.08203125 0.7812500596046448 0.16093750298023224 0.2083333432674408
1 0.42656251788139343 0.6000000238418579 0.15625 0.18333333730697632
1 0.3734374940395355 0.47291669249534607 0.1875 0.17916667461395264
1 0.2578125 0.19062501192092896 0.171875 0.24791668355464935
1 0.889843761920929 0.88958340883255 0.13906250894069672 0.22083334624767303
0 0.2945312559604645 0.90520840883255 0.0859375 0.14375001192092896
0 0.15937499701976776 0.4635416865348816 0.0625 0.08541667461395264
2 0.484375 0.8604167103767395 0.21562500298023224 0.2666666805744171
1 0.69921875 0.22500000894069672 0.17031250894069672 0.22500000894069672
1 0.698437511920929 0.8208333849906921 0.14687500894069672 0.18333333730697632
1 0.2265625 0.5979167222976685 0.20000000298023224 0.20000001788139343
1 0.596875011920929 0.6520833969116211 0.16250000894069672 0.2291666716337204
1 0.08203125 0.7812500596046448 0.16093750298023224 0.2083333432674408
1 0.42656251788139343 0.6000000238418579 0.15625 0.18333333730697632
1 0.3734374940395355 0.47291669249534607 0.1875 0.17916667461395264
1 0.2578125 0.19062501192092896 0.171875 0.24791668355464935
1 0.889843761920929 0.88958340883255 0.13906250894069672 0.22083334624767303
0 0.2945312559604645 0.90520840883255 0.0859375 0.14375001192092896
0 0.15937499701976776 0.4635416865348816 0.0625 0.08541667461395264
2 0.484375 0.8604167103767395 0.21562500298023224 0.2666666805744171
