2 0.7406250238418579 0.7614583969116211 0.18437500298023224 0.2562500238418579
1 0.3203125 0.8791667222976685 0.15625 0.13750000298023224
1 0.2265625 0.9114583730697632 0.15312500298023224 0.16041667759418488
1 0.07968749850988388 0.6468750238418579 0.125 0.20625001192092896
1 0.09218750149011612 0.753125011920929 0.125 0.20625001192092896
1 0.08437500149011612 0.26354166865348816 0.125 0.20625001192092896
1 0.11250000447034836 0.4010416865348816 0.15625 0.21041667461395264
1 0.15703125298023224 0.5093750357627869 0.12343750149011612 0.21041667461395264
1 0.20703125 0.5718750357627869 0.12343750149011612 0.21041667461395264
1 0.24453125894069672 0.5906250476837158 0.12343750149011612 0.21041667461395264
1 0.34062501788139343 0.6000000238418579 0.14687500894069672 0.21666668355464935
1 0.48750001192092896 0.4958333671092987 0.14687500894069672 0.21666668355464935
1 0.375 0.36250001192092896 0.16875000298023224 0.25833335518836975
0 0.24531249701976776 0.28437501192092896 0.05312500149011612 0.08125000447034836
0 0.609375 0.16979166865348816 0.05312500149011612 0.08125000447034836
1 0.510937511920929 0.28125 0.14374999701976776 0.17083334922790527
1 0.8765625357627869 0.17083334922790527 0.14374999701976776 0.17083334922790527
1 0.8101562857627869 0.15937501192092896 0.14531250298023224 0.2562500238418579
1 0.9234375357627869 0.39479169249534607 0.14687500894069672 0.2562500238418579
1 0.9390625357627869 0.5260416865348816 0.12187500298023224 0.19375000894069672
1 0.8148437738418579 0.5750000476837158 0.14531250298023224 0.19583334028720856
1 0.758593738079071 0.4958333671092987 0.14531250298023224 0.19583334028720856
1 0.6851562857627869 0.4687500298023224 0.14531250298023224 0.19583334028720856
1 0.9273437857627869 0.7895833849906921 0.14531250298023224 0.19583334028720856
1 0.9273437857627869 0.9020833969116211 0.14531250298023224 0.19583334028720856
1 0.835156261920929 0.9020833969116211 0.14531250298023224 0.19583334028720856
1 0.2867187559604645 0.12916667759418488 0.14531250298023224 0.19583334028720856
1 0.6742187738418579 0.16041667759418488 0.14531250298023224 0.19583334028720856
2 0.7406250238418579 0.7614583969116211 0.18437500298023224 0.2562500238418579
1 0.3203125 0.8791667222976685 0.15625 0.13750000298023224
1 0.2265625 0.9114583730697632 0.15312500298023224 0.16041667759418488
1 0.07968749850988388 0.6468750238418579 0.125 0.20625001192092896
1 0.09218750149011612 0.753125011920929 0.125 0.20625001192092896
1 0.08437500149011612 0.26354166865348816 0.125 0.20625001192092896
1 0.11250000447034836 0.4010416865348816 0.15625 0.21041667461395264
1 0.15703125298023224 0.5093750357627869 0.12343750149011612 0.21041667461395264
1 0.20703125 0.5718750357627869 0.12343750149011612 0.21041667461395264
1 0.24453125894069672 0.5906250476837158 0.12343750149011612 0.21041667461395264
1 0.34062501788139343 0.6000000238418579 0.14687500894069672 0.21666668355464935
1 0.48750001192092896 0.4958333671092987 0.14687500894069672 0.21666668355464935
1 0.375 0.36250001192092896 0.16875000298023224 0.25833335518836975
0 0.24531249701976776 0.28437501192092896 0.05312500149011612 0.08125000447034836
0 0.609375 0.16979166865348816 0.05312500149011612 0.08125000447034836
1 0.510937511920929 0.28125 0.14374999701976776 0.17083334922790527
1 0.8765625357627869 0.17083334922790527 0.14374999701976776 0.17083334922790527
1 0.8101562857627869 0.15937501192092896 0.14531250298023224 0.2562500238418579
1 0.9234375357627869 0.39479169249534607 0.14687500894069672 0.2562500238418579
1 0.9390625357627869 0.5260416865348816 0.12187500298023224 0.19375000894069672
1 0.8148437738418579 0.5750000476837158 0.14531250298023224 0.19583334028720856
1 0.758593738079071 0.4958333671092987 0.14531250298023224 0.19583334028720856
1 0.6851562857627869 0.4687500298023224 0.14531250298023224 0.19583334028720856
1 0.9273437857627869 0.7895833849906921 0.14531250298023224 0.19583334028720856
1 0.9273437857627869 0.9020833969116211 0.14531250298023224 0.19583334028720856
1 0.835156261920929 0.9020833969116211 0.14531250298023224 0.19583334028720856
1 0.2867187559604645 0.12916667759418488 0.14531250298023224 0.19583334028720856
1 0.6742187738418579 0.16041667759418488 0.14531250298023224 0.19583334028720856
