1 0.5132812857627869 0.8468750715255737 0.21406249701976776 0.1979166716337204
1 0.546093761920929 0.6947916746139526 0.14531250298023224 0.18958334624767303
1 0.7796875238418579 0.8187500238418579 0.18437500298023224 0.20416668057441711
1 0.649218738079071 0.21458333730697632 0.16093750298023224 0.20416668057441711
1 0.4437499940395355 0.2750000059604645 0.16562500596046448 0.1875000149011612
1 0.48359376192092896 0.43125003576278687 0.1484375 0.17916667461395264
1 0.30000001192092896 0.17395834624767303 0.20000000298023224 0.23541668057441711
1 0.757031261920929 0.10000000894069672 0.14531250298023224 0.19583334028720856
1 0.844531238079071 0.10520833730697632 0.1796875 0.20625001192092896
1 0.6859375238418579 0.5739583373069763 0.22812500596046448 0.24375000596046448
1 0.6656250357627869 0.3968750238418579 0.17499999701976776 0.19375000894069672
1 0.28046876192092896 0.8083333969116211 0.1796875 0.26250001788139343
1 0.8734375238418579 0.47708335518836975 0.16250000894069672 0.22083334624767303
2 0.10390625149011612 0.6843750476837158 0.20468750596046448 0.43958336114883423
1 0.5132812857627869 0.8468750715255737 0.21406249701976776 0.1979166716337204
1 0.546093761920929 0.6947916746139526 0.14531250298023224 0.18958334624767303
1 0.7796875238418579 0.8187500238418579 0.18437500298023224 0.20416668057441711
1 0.649218738079071 0.21458333730697632 0.16093750298023224 0.20416668057441711
1 0.4437499940395355 0.2750000059604645 0.16562500596046448 0.1875000149011612
1 0.48359376192092896 0.43125003576278687 0.1484375 0.17916667461395264
1 0.30000001192092896 0.17395834624767303 0.20000000298023224 0.23541668057441711
1 0.757031261920929 0.10000000894069672 0.14531250298023224 0.19583334028720856
1 0.844531238079071 0.10520833730697632 0.1796875 0.20625001192092896
1 0.6859375238418579 0.5739583373069763 0.22812500596046448 0.24375000596046448
1 0.6656250357627869 0.3968750238418579 0.17499999701976776 0.19375000894069672
1 0.28046876192092896 0.8083333969116211 0.1796875 0.26250001788139343
1 0.8734375238418579 0.47708335518836975 0.16250000894069672 0.22083334624767303
2 0.10390625149011612 0.6843750476837158 0.20468750596046448 0.43958336114883423
