1 0.2750000059604645 0.9093750715255737 0.17812500894069672 0.1770833432674408
1 0.3812499940395355 0.08958333730697632 0.17812500894069672 0.17500001192092896
1 0.8656250238418579 0.5791667103767395 0.16562500596046448 0.20000001788139343
1 0.895312488079071 0.9000000357627869 0.16562500596046448 0.20000001788139343
1 0.5570312738418579 0.4750000238418579 0.1796875 0.22083334624767303
1 0.23984375596046448 0.15416666865348816 0.1796875 0.22083334624767303
1 0.16015625 0.3583333492279053 0.1796875 0.22083334624767303
1 0.15781250596046448 0.6760417222976685 0.16875000298023224 0.2562500238418579
1 0.917187511920929 0.7135416865348816 0.16562500596046448 0.1979166716337204
1 0.753125011920929 0.3906250298023224 0.16562500596046448 0.1979166716337204
2 0.3617187440395355 0.30104169249534607 0.20156250894069672 0.2562500238418579
2 0.660937488079071 0.8197917342185974 0.15000000596046448 0.18958334624767303
1 0.2750000059604645 0.9093750715255737 0.17812500894069672 0.1770833432674408
1 0.3812499940395355 0.08958333730697632 0.17812500894069672 0.17500001192092896
1 0.8656250238418579 0.5791667103767395 0.16562500596046448 0.20000001788139343
1 0.895312488079071 0.9000000357627869 0.16562500596046448 0.20000001788139343
1 0.5570312738418579 0.4750000238418579 0.1796875 0.22083334624767303
1 0.23984375596046448 0.15416666865348816 0.1796875 0.22083334624767303
1 0.16015625 0.3583333492279053 0.1796875 0.22083334624767303
1 0.15781250596046448 0.6760417222976685 0.16875000298023224 0.2562500238418579
1 0.917187511920929 0.7135416865348816 0.16562500596046448 0.1979166716337204
1 0.753125011920929 0.3906250298023224 0.16562500596046448 0.1979166716337204
2 0.3617187440395355 0.30104169249534607 0.20156250894069672 0.2562500238418579
2 0.660937488079071 0.8197917342185974 0.15000000596046448 0.18958334624767303
