1 0.77734375 0.6625000238418579 0.14531250298023224 0.19583334028720856
1 0.780468761920929 0.8062500357627869 0.14531250298023224 0.19583334028720856
1 0.3960937559604645 0.8843750357627869 0.15156249701976776 0.23125001788139343
1 0.4976562559604645 0.7802083492279053 0.15156249701976776 0.23125001788139343
1 0.31953126192092896 0.47083336114883423 0.12656250596046448 0.22083334624767303
1 0.40234375 0.24062500894069672 0.16093750298023224 0.2645833492279053
1 0.17265625298023224 0.38229167461395264 0.15468750894069672 0.2187500149011612
1 0.93359375 0.4645833671092987 0.1328125 0.21250000596046448
1 0.14140625298023224 0.7354167103767395 0.16718749701976776 0.2083333432674408
1 0.8687500357627869 0.22291667759418488 0.16875000298023224 0.2083333432674408
1 0.6796875 0.10833334177732468 0.16875000298023224 0.2083333432674408
1 0.23125000298023224 0.14375001192092896 0.140625 0.18333333730697632
1 0.0703125 0.15833334624767303 0.13750000298023224 0.18333333730697632
1 0.46796876192092896 0.6083333492279053 0.1640625 0.18333333730697632
1 0.06328125298023224 0.3916666805744171 0.12343750149011612 0.2083333432674408
1 0.22500000894069672 0.5697916746139526 0.11874999850988388 0.18958334624767303
2 0.6421875357627869 0.39270836114883423 0.4468750059604645 0.4062500298023224
1 0.77734375 0.6625000238418579 0.14531250298023224 0.19583334028720856
1 0.780468761920929 0.8062500357627869 0.14531250298023224 0.19583334028720856
1 0.3960937559604645 0.8843750357627869 0.15156249701976776 0.23125001788139343
1 0.4976562559604645 0.7802083492279053 0.15156249701976776 0.23125001788139343
1 0.31953126192092896 0.47083336114883423 0.12656250596046448 0.22083334624767303
1 0.40234375 0.24062500894069672 0.16093750298023224 0.2645833492279053
1 0.17265625298023224 0.38229167461395264 0.15468750894069672 0.2187500149011612
1 0.93359375 0.4645833671092987 0.1328125 0.21250000596046448
1 0.14140625298023224 0.7354167103767395 0.16718749701976776 0.2083333432674408
1 0.8687500357627869 0.22291667759418488 0.16875000298023224 0.2083333432674408
1 0.6796875 0.10833334177732468 0.16875000298023224 0.2083333432674408
1 0.23125000298023224 0.14375001192092896 0.140625 0.18333333730697632
1 0.0703125 0.15833334624767303 0.13750000298023224 0.18333333730697632
1 0.46796876192092896 0.6083333492279053 0.1640625 0.18333333730697632
1 0.06328125298023224 0.3916666805744171 0.12343750149011612 0.2083333432674408
1 0.22500000894069672 0.5697916746139526 0.11874999850988388 0.18958334624767303
2 0.6421875357627869 0.39270836114883423 0.4468750059604645 0.4062500298023224
