1 0.24687500298023224 0.8979167342185974 0.18437500298023224 0.1666666716337204
1 0.2914062440395355 0.690625011920929 0.20468750596046448 0.23541668057441711
1 0.2671875059604645 0.1614583432674408 0.203125 0.24375000596046448
1 0.42890626192092896 0.2510416805744171 0.19218750298023224 0.2395833432674408
1 0.885937511920929 0.7333333492279053 0.17499999701976776 0.24166667461395264
1 0.8031250238418579 0.7635416984558105 0.16562500596046448 0.19375000894069672
1 0.696093738079071 0.8041667342185974 0.14218750596046448 0.19583334028720856
1 0.5953125357627869 0.8062500357627869 0.11874999850988388 0.19166667759418488
1 0.5234375 0.8197917342185974 0.125 0.20625001192092896
1 0.542187511920929 0.6000000238418579 0.17812500894069672 0.19583334028720856
1 0.7593750357627869 0.48750001192092896 0.17812500894069672 0.19583334028720856
1 0.2874999940395355 0.43020835518836975 0.20000000298023224 0.2645833492279053
2 0.06406249850988388 0.7718750238418579 0.125 0.33125001192092896
1 0.24687500298023224 0.8979167342185974 0.18437500298023224 0.1666666716337204
1 0.2914062440395355 0.690625011920929 0.20468750596046448 0.23541668057441711
1 0.2671875059604645 0.1614583432674408 0.203125 0.24375000596046448
1 0.42890626192092896 0.2510416805744171 0.19218750298023224 0.2395833432674408
1 0.885937511920929 0.7333333492279053 0.17499999701976776 0.24166667461395264
1 0.8031250238418579 0.7635416984558105 0.16562500596046448 0.19375000894069672
1 0.696093738079071 0.8041667342185974 0.14218750596046448 0.19583334028720856
1 0.5953125357627869 0.8062500357627869 0.11874999850988388 0.19166667759418488
1 0.5234375 0.8197917342185974 0.125 0.20625001192092896
1 0.542187511920929 0.6000000238418579 0.17812500894069672 0.19583334028720856
1 0.7593750357627869 0.48750001192092896 0.17812500894069672 0.19583334028720856
1 0.2874999940395355 0.43020835518836975 0.20000000298023224 0.2645833492279053
2 0.06406249850988388 0.7718750238418579 0.125 0.33125001192092896
