1 0.7875000238418579 0.27395835518836975 0.15937499701976776 0.21041667461395264
1 0.83984375 0.49791669845581055 0.19218750298023224 0.28333336114883423
1 0.625781238079071 0.550000011920929 0.17031250894069672 0.21666668355464935
1 0.11796875298023224 0.3333333432674408 0.16093750298023224 0.19583334028720856
1 0.3531250059604645 0.16875000298023224 0.19687500596046448 0.2083333432674408
1 0.20156250894069672 0.7135416865348816 0.14374999701976776 0.16458334028720856
1 0.5601562857627869 0.24791668355464935 0.17031250894069672 0.2291666716337204
1 0.16640625894069672 0.22708334028720856 0.14531250298023224 0.20000001788139343
1 0.34296876192092896 0.7572917342185974 0.14218750596046448 0.1770833432674408
1 0.3773437440395355 0.42604169249534607 0.15781250596046448 0.16875000298023224
1 0.21953125298023224 0.476041704416275 0.15468750894069672 0.1979166716337204
1 0.3375000059604645 0.5 0.14687500894069672 0.15833334624767303
1 0.7875000238418579 0.7020833492279053 0.0 0.0
2 0.5882812738418579 0.8406250476837158 0.4140625 0.3187500238418579
1 0.7875000238418579 0.27395835518836975 0.15937499701976776 0.21041667461395264
1 0.83984375 0.49791669845581055 0.19218750298023224 0.28333336114883423
1 0.625781238079071 0.550000011920929 0.17031250894069672 0.21666668355464935
1 0.11796875298023224 0.3333333432674408 0.16093750298023224 0.19583334028720856
1 0.3531250059604645 0.16875000298023224 0.19687500596046448 0.2083333432674408
1 0.20156250894069672 0.7135416865348816 0.14374999701976776 0.16458334028720856
1 0.5601562857627869 0.24791668355464935 0.17031250894069672 0.2291666716337204
1 0.16640625894069672 0.22708334028720856 0.14531250298023224 0.20000001788139343
1 0.34296876192092896 0.7572917342185974 0.14218750596046448 0.1770833432674408
1 0.3773437440395355 0.42604169249534607 0.15781250596046448 0.16875000298023224
1 0.21953125298023224 0.476041704416275 0.15468750894069672 0.1979166716337204
1 0.3375000059604645 0.5 0.14687500894069672 0.15833334624767303
1 0.7875000238418579 0.7020833492279053 0.0 0.0
2 0.5882812738418579 0.8406250476837158 0.4140625 0.3187500238418579
