1 0.09218750149011612 0.6312500238418579 0.15625 0.22500000894069672
1 0.7875000238418579 0.10000000894069672 0.16250000894069672 0.19583334028720856
1 0.24921874701976776 0.6552083492279053 0.15781250596046448 0.1770833432674408
1 0.4710937440395355 0.09062500298023224 0.15781250596046448 0.1770833432674408
1 0.42265626788139343 0.90520840883255 0.1640625 0.18958334624767303
2 0.40703126788139343 0.45625001192092896 0.27656251192092896 0.38750001788139343
0 0.8828125 0.2083333432674408 0.05937499925494194 0.07500000298023224
1 0.09218750149011612 0.6312500238418579 0.15625 0.22500000894069672
1 0.7875000238418579 0.10000000894069672 0.16250000894069672 0.19583334028720856
1 0.24921874701976776 0.6552083492279053 0.15781250596046448 0.1770833432674408
1 0.4710937440395355 0.09062500298023224 0.15781250596046448 0.1770833432674408
1 0.42265626788139343 0.90520840883255 0.1640625 0.18958334624767303
2 0.40703126788139343 0.45625001192092896 0.27656251192092896 0.38750001788139343
0 0.8828125 0.2083333432674408 0.05937499925494194 0.07500000298023224
