2 0.36250001192092896 0.6312500238418579 0.32500001788139343 0.36666667461395264
1 0.71875 0.46666669845581055 0.16875000298023224 0.20000001788139343
1 0.7109375 0.2645833492279053 0.171875 0.22500000894069672
1 0.40156251192092896 0.28541669249534607 0.13125000894069672 0.2083333432674408
1 0.7671875357627869 0.7312500476837158 0.17499999701976776 0.20416668057441711
1 0.75 0.8395833969116211 0.17499999701976776 0.20416668057441711
1 0.28593751788139343 0.8875000476837158 0.16250000894069672 0.18333333730697632
1 0.832812488079071 0.4333333671092987 0.16250000894069672 0.18333333730697632
1 0.08359374850988388 0.8010417222976685 0.15156249701976776 0.20625001192092896
1 0.04218750074505806 0.3187500238418579 0.08125000447034836 0.21666668355464935
1 0.43828126788139343 0.88958340883255 0.18593750894069672 0.15416666865348816
1 0.32500001788139343 0.0885416716337204 0.16250000894069672 0.17291668057441711
1 0.515625 0.18958334624767303 0.15937499701976776 0.22500000894069672
1 0.897656261920929 0.09166666865348816 0.14531250298023224 0.17916667461395264
1 0.835156261920929 0.11354167014360428 0.14531250298023224 0.18125000596046448
1 0.0859375 0.6229166984558105 0.15937499701976776 0.22500000894069672
1 0.582812488079071 0.8104166984558105 0.15937499701976776 0.22500000894069672
0 0.625781238079071 0.13125000894069672 0.05781250074505806 0.06666667014360428
2 0.36250001192092896 0.6312500238418579 0.32500001788139343 0.36666667461395264
1 0.71875 0.46666669845581055 0.16875000298023224 0.20000001788139343
1 0.7109375 0.2645833492279053 0.171875 0.22500000894069672
1 0.40156251192092896 0.28541669249534607 0.13125000894069672 0.2083333432674408
1 0.7671875357627869 0.7312500476837158 0.17499999701976776 0.20416668057441711
1 0.75 0.8395833969116211 0.17499999701976776 0.20416668057441711
1 0.28593751788139343 0.8875000476837158 0.16250000894069672 0.18333333730697632
1 0.832812488079071 0.4333333671092987 0.16250000894069672 0.18333333730697632
1 0.08359374850988388 0.8010417222976685 0.15156249701976776 0.20625001192092896
1 0.04218750074505806 0.3187500238418579 0.08125000447034836 0.21666668355464935
1 0.43828126788139343 0.88958340883255 0.18593750894069672 0.15416666865348816
1 0.32500001788139343 0.0885416716337204 0.16250000894069672 0.17291668057441711
1 0.515625 0.18958334624767303 0.15937499701976776 0.22500000894069672
1 0.897656261920929 0.09166666865348816 0.14531250298023224 0.17916667461395264
1 0.835156261920929 0.11354167014360428 0.14531250298023224 0.18125000596046448
1 0.0859375 0.6229166984558105 0.15937499701976776 0.22500000894069672
1 0.582812488079071 0.8104166984558105 0.15937499701976776 0.22500000894069672
0 0.625781238079071 0.13125000894069672 0.05781250074505806 0.06666667014360428
