1 0.16796875 0.6739583611488342 0.16718749701976776 0.2562500238418579
1 0.5179687738418579 0.2302083522081375 0.16718749701976776 0.2562500238418579
1 0.3375000059604645 0.43437501788139343 0.20937500894069672 0.20625001192092896
1 0.788281261920929 0.5520833730697632 0.15156249701976776 0.2083333432674408
1 0.8695312738418579 0.41458335518836975 0.15156249701976776 0.2083333432674408
1 0.7640625238418579 0.17083334922790527 0.15937499701976776 0.2708333432674408
1 0.08906250447034836 0.27812501788139343 0.17499999701976776 0.2604166865348816
1 0.18125000596046448 0.0989583358168602 0.16250000894069672 0.19375000894069672
1 0.9242187738418579 0.2395833432674408 0.15156249701976776 0.2083333432674408
1 0.9242187738418579 0.6479166746139526 0.15156249701976776 0.22083334624767303
2 0.4937500059604645 0.7437500357627869 0.35625001788139343 0.5041667222976685
0 0.2914062440395355 0.7770833969116211 0.06093750149011612 0.07500000298023224
0 0.13828125596046448 0.4177083671092987 0.08281250298023224 0.09791667014360428
1 0.16796875 0.6739583611488342 0.16718749701976776 0.2562500238418579
1 0.5179687738418579 0.2302083522081375 0.16718749701976776 0.2562500238418579
1 0.3375000059604645 0.43437501788139343 0.20937500894069672 0.20625001192092896
1 0.788281261920929 0.5520833730697632 0.15156249701976776 0.2083333432674408
1 0.8695312738418579 0.41458335518836975 0.15156249701976776 0.2083333432674408
1 0.7640625238418579 0.17083334922790527 0.15937499701976776 0.2708333432674408
1 0.08906250447034836 0.27812501788139343 0.17499999701976776 0.2604166865348816
1 0.18125000596046448 0.0989583358168602 0.16250000894069672 0.19375000894069672
1 0.9242187738418579 0.2395833432674408 0.15156249701976776 0.2083333432674408
1 0.9242187738418579 0.6479166746139526 0.15156249701976776 0.22083334624767303
2 0.4937500059604645 0.7437500357627869 0.35625001788139343 0.5041667222976685
0 0.2914062440395355 0.7770833969116211 0.06093750149011612 0.07500000298023224
0 0.13828125596046448 0.4177083671092987 0.08281250298023224 0.09791667014360428
