2 0.24921874701976776 0.5875000357627869 0.3671875 0.4125000238418579
1 0.7164062857627869 0.5750000476837158 0.18906250596046448 0.22500000894069672
1 0.883593738079071 0.3270833492279053 0.18906250596046448 0.22500000894069672
1 0.6546875238418579 0.7583333849906921 0.16562500596046448 0.20416668057441711
1 0.7953125238418579 0.7520833611488342 0.16562500596046448 0.20416668057441711
1 0.901562511920929 0.6229166984558105 0.16562500596046448 0.20416668057441711
1 0.917187511920929 0.8000000715255737 0.16562500596046448 0.20416668057441711
1 0.6343750357627869 0.19166667759418488 0.16562500596046448 0.20416668057441711
1 0.5765625238418579 0.19166667759418488 0.16562500596046448 0.20416668057441711
1 0.49687501788139343 0.15416666865348816 0.16562500596046448 0.20416668057441711
1 0.4281249940395355 0.13958333432674408 0.16562500596046448 0.20416668057441711
1 0.2578125 0.08958333730697632 0.17499999701976776 0.17500001192092896
1 0.07578124850988388 0.4843750298023224 0.1484375 0.2770833373069763
1 0.4906249940395355 0.9187500476837158 0.15937499701976776 0.16250000894069672
1 0.3578124940395355 0.9187500476837158 0.15937499701976776 0.16250000894069672
1 0.08046875149011612 0.08125000447034836 0.15781250596046448 0.15833334624767303
1 0.39765626192092896 0.3645833432674408 0.18281249701976776 0.1666666716337204
1 0.823437511920929 0.9083333611488342 0.25 0.18333333730697632
1 0.2984375059604645 0.24375000596046448 0.13437500596046448 0.2291666716337204
1 0.7828125357627869 0.08958333730697632 0.19687500596046448 0.17500001192092896
2 0.24921874701976776 0.5875000357627869 0.3671875 0.4125000238418579
1 0.7164062857627869 0.5750000476837158 0.18906250596046448 0.22500000894069672
1 0.883593738079071 0.3270833492279053 0.18906250596046448 0.22500000894069672
1 0.6546875238418579 0.7583333849906921 0.16562500596046448 0.20416668057441711
1 0.7953125238418579 0.7520833611488342 0.16562500596046448 0.20416668057441711
1 0.901562511920929 0.6229166984558105 0.16562500596046448 0.20416668057441711
1 0.917187511920929 0.8000000715255737 0.16562500596046448 0.20416668057441711
1 0.6343750357627869 0.19166667759418488 0.16562500596046448 0.20416668057441711
1 0.5765625238418579 0.19166667759418488 0.16562500596046448 0.20416668057441711
1 0.49687501788139343 0.15416666865348816 0.16562500596046448 0.20416668057441711
1 0.4281249940395355 0.13958333432674408 0.16562500596046448 0.20416668057441711
1 0.2578125 0.08958333730697632 0.17499999701976776 0.17500001192092896
1 0.07578124850988388 0.4843750298023224 0.1484375 0.2770833373069763
1 0.4906249940395355 0.9187500476837158 0.15937499701976776 0.16250000894069672
1 0.3578124940395355 0.9187500476837158 0.15937499701976776 0.16250000894069672
1 0.08046875149011612 0.08125000447034836 0.15781250596046448 0.15833334624767303
1 0.39765626192092896 0.3645833432674408 0.18281249701976776 0.1666666716337204
1 0.823437511920929 0.9083333611488342 0.25 0.18333333730697632
1 0.2984375059604645 0.24375000596046448 0.13437500596046448 0.2291666716337204
1 0.7828125357627869 0.08958333730697632 0.19687500596046448 0.17500001192092896
