1 0.11874999850988388 0.7833333611488342 0.17812500894069672 0.2666666805744171
1 0.5703125 0.8802083730697632 0.17812500894069672 0.2395833432674408
1 0.874218761920929 0.628125011920929 0.18593750894069672 0.2395833432674408
1 0.839062511920929 0.42500001192092896 0.19687500596046448 0.22083334624767303
1 0.94140625 0.18541668355464935 0.1171875 0.26250001788139343
1 0.8101562857627869 0.18958334624767303 0.14531250298023224 0.24166667461395264
1 0.6390625238418579 0.11145833879709244 0.19687500596046448 0.2187500149011612
1 0.647656261920929 0.3135416805744171 0.18281249701976776 0.19375000894069672
1 0.43046876788139343 0.27395835518836975 0.18281249701976776 0.19375000894069672
1 0.6656250357627869 0.5302083492279053 0.15000000596046448 0.20625001192092896
1 0.807812511920929 0.9114583730697632 0.15625 0.1770833432674408
1 0.37578126788139343 0.9250000715255737 0.15781250596046448 0.15000000596046448
1 0.31953126192092896 0.7583333849906921 0.17343750596046448 0.19583334028720856
1 0.1015625 0.3427083492279053 0.20000000298023224 0.23125001788139343
2 0.48828125 0.5708333849906921 0.3296875059604645 0.4750000238418579
1 0.11874999850988388 0.7833333611488342 0.17812500894069672 0.2666666805744171
1 0.5703125 0.8802083730697632 0.17812500894069672 0.2395833432674408
1 0.874218761920929 0.628125011920929 0.18593750894069672 0.2395833432674408
1 0.839062511920929 0.42500001192092896 0.19687500596046448 0.22083334624767303
1 0.94140625 0.18541668355464935 0.1171875 0.26250001788139343
1 0.8101562857627869 0.18958334624767303 0.14531250298023224 0.24166667461395264
1 0.6390625238418579 0.11145833879709244 0.19687500596046448 0.2187500149011612
1 0.647656261920929 0.3135416805744171 0.18281249701976776 0.19375000894069672
1 0.43046876788139343 0.27395835518836975 0.18281249701976776 0.19375000894069672
1 0.6656250357627869 0.5302083492279053 0.15000000596046448 0.20625001192092896
1 0.807812511920929 0.9114583730697632 0.15625 0.1770833432674408
1 0.37578126788139343 0.9250000715255737 0.15781250596046448 0.15000000596046448
1 0.31953126192092896 0.7583333849906921 0.17343750596046448 0.19583334028720856
1 0.1015625 0.3427083492279053 0.20000000298023224 0.23125001788139343
2 0.48828125 0.5708333849906921 0.3296875059604645 0.4750000238418579
