1 0.5765625238418579 0.768750011920929 0.171875 0.22083334624767303
1 0.7632812857627869 0.7239583730697632 0.19843749701976776 0.23125001788139343
1 0.739062488079071 0.9166666865348816 0.20624999701976776 0.1666666716337204
1 0.5523437857627869 0.476041704416275 0.20156250894069672 0.22708334028720856
1 0.3179687559604645 0.23854167759418488 0.20156250894069672 0.22708334028720856
1 0.4906249940395355 0.20625001192092896 0.15312500298023224 0.2083333432674408
1 0.6117187738418579 0.27916666865348816 0.15781250596046448 0.19166667759418488
1 0.9242187738418579 0.1093750074505806 0.15156249701976776 0.21458333730697632
1 0.9242187738418579 0.3541666865348816 0.15156249701976776 0.21666668355464935
1 0.7945312857627869 0.4958333671092987 0.17343750596046448 0.2458333522081375
1 0.34765625 0.9020833969116211 0.17343750596046448 0.19583334028720856
1 0.23125000298023224 0.7593750357627869 0.17499999701976776 0.23125001788139343
1 0.22187499701976776 0.5364583730697632 0.17499999701976776 0.23125001788139343
2 0.38984376192092896 0.6395833492279053 0.18593750894069672 0.26250001788139343
0 0.02109375037252903 0.10208334028720856 0.0390625 0.08750000596046448
1 0.5765625238418579 0.768750011920929 0.171875 0.22083334624767303
1 0.7632812857627869 0.7239583730697632 0.19843749701976776 0.23125001788139343
1 0.739062488079071 0.9166666865348816 0.20624999701976776 0.1666666716337204
1 0.5523437857627869 0.476041704416275 0.20156250894069672 0.22708334028720856
1 0.3179687559604645 0.23854167759418488 0.20156250894069672 0.22708334028720856
1 0.4906249940395355 0.20625001192092896 0.15312500298023224 0.2083333432674408
1 0.6117187738418579 0.27916666865348816 0.15781250596046448 0.19166667759418488
1 0.9242187738418579 0.1093750074505806 0.15156249701976776 0.21458333730697632
1 0.9242187738418579 0.3541666865348816 0.15156249701976776 0.21666668355464935
1 0.7945312857627869 0.4958333671092987 0.17343750596046448 0.2458333522081375
1 0.34765625 0.9020833969116211 0.17343750596046448 0.19583334028720856
1 0.23125000298023224 0.7593750357627869 0.17499999701976776 0.23125001788139343
1 0.22187499701976776 0.5364583730697632 0.17499999701976776 0.23125001788139343
2 0.38984376192092896 0.6395833492279053 0.18593750894069672 0.26250001788139343
0 0.02109375037252903 0.10208334028720856 0.0390625 0.08750000596046448
