1 0.25078126788139343 0.7197917103767395 0.17031250894069672 0.2645833492279053
1 0.71875 0.4281250238418579 0.18125000596046448 0.22291667759418488
1 0.793749988079071 0.2562500238418579 0.14374999701976776 0.2291666716337204
1 0.594531238079071 0.30000001192092896 0.1796875 0.23750001192092896
1 0.891406238079071 0.6895833611488342 0.14531250298023224 0.23333334922790527
1 0.10468750447034836 0.7458333969116211 0.13437500596046448 0.21666668355464935
1 0.2601562440395355 0.3385416865348816 0.16093750298023224 0.21458333730697632
1 0.15468750894069672 0.5145833492279053 0.20624999701976776 0.19166667759418488
1 0.4398437440395355 0.0677083358168602 0.17343750596046448 0.13125000894069672
1 0.6703125238418579 0.8406250476837158 0.20937500894069672 0.24791668355464935
0 0.3851562440395355 0.444791704416275 0.06718750298023224 0.08125000447034836
0 0.827343761920929 0.9322916865348816 0.06093750149011612 0.0729166716337204
2 0.43359375 0.7010416984558105 0.2671875059604645 0.33541667461395264
1 0.25078126788139343 0.7197917103767395 0.17031250894069672 0.2645833492279053
1 0.71875 0.4281250238418579 0.18125000596046448 0.22291667759418488
1 0.793749988079071 0.2562500238418579 0.14374999701976776 0.2291666716337204
1 0.594531238079071 0.30000001192092896 0.1796875 0.23750001192092896
1 0.891406238079071 0.6895833611488342 0.14531250298023224 0.23333334922790527
1 0.10468750447034836 0.7458333969116211 0.13437500596046448 0.21666668355464935
1 0.2601562440395355 0.3385416865348816 0.16093750298023224 0.21458333730697632
1 0.15468750894069672 0.5145833492279053 0.20624999701976776 0.19166667759418488
1 0.4398437440395355 0.0677083358168602 0.17343750596046448 0.13125000894069672
1 0.6703125238418579 0.8406250476837158 0.20937500894069672 0.24791668355464935
0 0.3851562440395355 0.444791704416275 0.06718750298023224 0.08125000447034836
0 0.827343761920929 0.9322916865348816 0.06093750149011612 0.0729166716337204
2 0.43359375 0.7010416984558105 0.2671875059604645 0.33541667461395264
