1 0.30156251788139343 0.8145833611488342 0.15312500298023224 0.1875000149011612
1 0.06484375149011612 0.24166667461395264 0.12656250596046448 0.18333333730697632
1 0.2421875 0.06875000149011612 0.15000000596046448 0.13333334028720856
1 0.39921876788139343 0.09062500298023224 0.17343750596046448 0.1770833432674408
1 0.19765625894069672 0.25 0.17343750596046448 0.17916667461395264
1 0.12656250596046448 0.6333333849906921 0.14374999701976776 0.21666668355464935
1 0.17265625298023224 0.7093750238418579 0.11093749850988388 0.18958334624767303
1 0.12343750149011612 0.8406250476837158 0.15625 0.22291667759418488
1 0.4046874940395355 0.33645835518836975 0.15625 0.22291667759418488
1 0.8109375238418579 0.36666667461395264 0.13125000894069672 0.17500001192092896
2 0.5296875238418579 0.6375000476837158 0.30937501788139343 0.36250001192092896
1 0.30156251788139343 0.8145833611488342 0.15312500298023224 0.1875000149011612
1 0.06484375149011612 0.24166667461395264 0.12656250596046448 0.18333333730697632
1 0.2421875 0.06875000149011612 0.15000000596046448 0.13333334028720856
1 0.39921876788139343 0.09062500298023224 0.17343750596046448 0.1770833432674408
1 0.19765625894069672 0.25 0.17343750596046448 0.17916667461395264
1 0.12656250596046448 0.6333333849906921 0.14374999701976776 0.21666668355464935
1 0.17265625298023224 0.7093750238418579 0.11093749850988388 0.18958334624767303
1 0.12343750149011612 0.8406250476837158 0.15625 0.22291667759418488
1 0.4046874940395355 0.33645835518836975 0.15625 0.22291667759418488
1 0.8109375238418579 0.36666667461395264 0.13125000894069672 0.17500001192092896
2 0.5296875238418579 0.6375000476837158 0.30937501788139343 0.36250001192092896
