2 0.7515625357627869 0.7520833611488342 0.1875 0.2458333522081375
1 0.3734374940395355 0.34583336114883423 0.16250000894069672 0.2458333522081375
1 0.5054687857627869 0.2802083492279053 0.16093750298023224 0.18958334624767303
1 0.47265625 0.4593750238418579 0.16093750298023224 0.18958334624767303
1 0.49921876192092896 0.5093750357627869 0.16093750298023224 0.18958334624767303
1 0.91015625 0.39791667461395264 0.16718749701976776 0.25416669249534607
1 0.9320312738418579 0.5072916746139526 0.13593749701976776 0.2187500149011612
1 0.81640625 0.5572916865348816 0.13593749701976776 0.2187500149011612
1 0.7679687738418579 0.49687501788139343 0.13593749701976776 0.2187500149011612
1 0.7085937857627869 0.47812503576278687 0.13593749701976776 0.2187500149011612
1 0.633593738079071 0.43437501788139343 0.13593749701976776 0.2187500149011612
1 0.8804687857627869 0.17812500894069672 0.13593749701976776 0.2187500149011612
1 0.81640625 0.16354167461395264 0.13593749701976776 0.2187500149011612
1 0.67578125 0.140625 0.13593749701976776 0.2187500149011612
1 0.21796874701976776 0.8885416984558105 0.13593749701976776 0.18541668355464935
1 0.08984375 0.7593750357627869 0.13593749701976776 0.18541668355464935
1 0.09453125298023224 0.2510416805744171 0.13593749701976776 0.18541668355464935
1 0.10078125447034836 0.3895833492279053 0.15781250596046448 0.21250000596046448
1 0.13671875 0.46250003576278687 0.15781250596046448 0.21250000596046448
1 0.15234375 0.08958333730697632 0.15468750894069672 0.15833334624767303
1 0.25390625 0.10625000298023224 0.15468750894069672 0.15833334624767303
1 0.27421876788139343 0.14375001192092896 0.15468750894069672 0.15833334624767303
1 0.9242187738418579 0.8072916865348816 0.15156249701976776 0.2187500149011612
1 0.58984375 0.9541667103767395 0.14531250298023224 0.09166666865348816
1 0.36796876788139343 0.7458333969116211 0.17656250298023224 0.22083334624767303
1 0.3148437440395355 0.612500011920929 0.17656250298023224 0.22083334624767303
1 0.23671875894069672 0.5770833492279053 0.17656250298023224 0.22083334624767303
0 0.23906250298023224 0.27916666865348816 0.06562500447034836 0.09583333879709244
0 0.594531238079071 0.17083334922790527 0.05156249925494194 0.07916667312383652
1 0.08046875149011612 0.6197916865348816 0.15781250596046448 0.20625001192092896
2 0.7515625357627869 0.7520833611488342 0.1875 0.2458333522081375
1 0.3734374940395355 0.34583336114883423 0.16250000894069672 0.2458333522081375
1 0.5054687857627869 0.2802083492279053 0.16093750298023224 0.18958334624767303
1 0.47265625 0.4593750238418579 0.16093750298023224 0.18958334624767303
1 0.49921876192092896 0.5093750357627869 0.16093750298023224 0.18958334624767303
1 0.91015625 0.39791667461395264 0.16718749701976776 0.25416669249534607
1 0.9320312738418579 0.5072916746139526 0.13593749701976776 0.2187500149011612
1 0.81640625 0.5572916865348816 0.13593749701976776 0.2187500149011612
1 0.7679687738418579 0.49687501788139343 0.13593749701976776 0.2187500149011612
1 0.7085937857627869 0.47812503576278687 0.13593749701976776 0.2187500149011612
1 0.633593738079071 0.43437501788139343 0.13593749701976776 0.2187500149011612
1 0.8804687857627869 0.17812500894069672 0.13593749701976776 0.2187500149011612
1 0.81640625 0.16354167461395264 0.13593749701976776 0.2187500149011612
1 0.67578125 0.140625 0.13593749701976776 0.2187500149011612
1 0.21796874701976776 0.8885416984558105 0.13593749701976776 0.18541668355464935
1 0.08984375 0.7593750357627869 0.13593749701976776 0.18541668355464935
1 0.09453125298023224 0.2510416805744171 0.13593749701976776 0.18541668355464935
1 0.10078125447034836 0.3895833492279053 0.15781250596046448 0.21250000596046448
1 0.13671875 0.46250003576278687 0.15781250596046448 0.21250000596046448
1 0.15234375 0.08958333730697632 0.15468750894069672 0.15833334624767303
1 0.25390625 0.10625000298023224 0.15468750894069672 0.15833334624767303
1 0.27421876788139343 0.14375001192092896 0.15468750894069672 0.15833334624767303
1 0.9242187738418579 0.8072916865348816 0.15156249701976776 0.2187500149011612
1 0.58984375 0.9541667103767395 0.14531250298023224 0.09166666865348816
1 0.36796876788139343 0.7458333969116211 0.17656250298023224 0.22083334624767303
1 0.3148437440395355 0.612500011920929 0.17656250298023224 0.22083334624767303
1 0.23671875894069672 0.5770833492279053 0.17656250298023224 0.22083334624767303
0 0.23906250298023224 0.27916666865348816 0.06562500447034836 0.09583333879709244
0 0.594531238079071 0.17083334922790527 0.05156249925494194 0.07916667312383652
1 0.08046875149011612 0.6197916865348816 0.15781250596046448 0.20625001192092896
