2 0.2750000059604645 0.5 0.48125001788139343 0.5
1 0.6234375238418579 0.8197917342185974 0.14374999701976776 0.21041667461395264
1 0.9085937738418579 0.6625000238418579 0.18281249701976776 0.25416669249534607
1 0.921093761920929 0.8552083969116211 0.15781250596046448 0.19375000894069672
1 0.635937511920929 0.46666669845581055 0.21250000596046448 0.22500000894069672
1 0.18671874701976776 0.11666667461395264 0.16718749701976776 0.2291666716337204
2 0.2750000059604645 0.5 0.48125001788139343 0.5
1 0.6234375238418579 0.8197917342185974 0.14374999701976776 0.21041667461395264
1 0.9085937738418579 0.6625000238418579 0.18281249701976776 0.25416669249534607
1 0.921093761920929 0.8552083969116211 0.15781250596046448 0.19375000894069672
1 0.635937511920929 0.46666669845581055 0.21250000596046448 0.22500000894069672
1 0.18671874701976776 0.11666667461395264 0.16718749701976776 0.2291666716337204
