1 0.21328125894069672 0.6958333849906921 0.15781250596046448 0.21250000596046448
1 0.14609375596046448 0.48125001788139343 0.15781250596046448 0.21250000596046448
1 0.4117187559604645 0.13958333432674408 0.15781250596046448 0.21250000596046448
1 0.21015624701976776 0.19375000894069672 0.15781250596046448 0.21250000596046448
1 0.922656238079071 0.4072916805744171 0.15468750894069672 0.2395833432674408
1 0.922656238079071 0.8218750357627869 0.15468750894069672 0.2395833432674408
1 0.7835937738418579 0.15729168057441711 0.15468750894069672 0.2395833432674408
1 0.899218738079071 0.16250000894069672 0.18906250596046448 0.25833335518836975
1 0.36406251788139343 0.4635416865348816 0.15312500298023224 0.1979166716337204
1 0.4046874940395355 0.6531250476837158 0.15312500298023224 0.1979166716337204
1 0.7523437738418579 0.8010417222976685 0.1640625 0.21458333730697632
1 0.47578126192092896 0.35104167461395264 0.12343750149011612 0.22708334028720856
2 0.5328125357627869 0.53125 0.19375000894069672 0.22083334624767303
1 0.21328125894069672 0.6958333849906921 0.15781250596046448 0.21250000596046448
1 0.14609375596046448 0.48125001788139343 0.15781250596046448 0.21250000596046448
1 0.4117187559604645 0.13958333432674408 0.15781250596046448 0.21250000596046448
1 0.21015624701976776 0.19375000894069672 0.15781250596046448 0.21250000596046448
1 0.922656238079071 0.4072916805744171 0.15468750894069672 0.2395833432674408
1 0.922656238079071 0.8218750357627869 0.15468750894069672 0.2395833432674408
1 0.7835937738418579 0.15729168057441711 0.15468750894069672 0.2395833432674408
1 0.899218738079071 0.16250000894069672 0.18906250596046448 0.25833335518836975
1 0.36406251788139343 0.4635416865348816 0.15312500298023224 0.1979166716337204
1 0.4046874940395355 0.6531250476837158 0.15312500298023224 0.1979166716337204
1 0.7523437738418579 0.8010417222976685 0.1640625 0.21458333730697632
1 0.47578126192092896 0.35104167461395264 0.12343750149011612 0.22708334028720856
2 0.5328125357627869 0.53125 0.19375000894069672 0.22083334624767303
