1 0.16796875 0.7479166984558105 0.17031250894069672 0.22083334624767303
1 0.05390625074505806 0.546875 0.10468750447034836 0.24791668355464935
1 0.3382812440395355 0.34791669249534607 0.17031250894069672 0.22083334624767303
1 0.25859376788139343 0.2906250059604645 0.17343750596046448 0.2395833432674408
1 0.30937501788139343 0.0937500074505806 0.14687500894069672 0.18333333730697632
1 0.453125 0.0937500074505806 0.14687500894069672 0.18333333730697632
1 0.8765625357627869 0.5302083492279053 0.16250000894069672 0.20208334922790527
1 0.8296875357627869 0.31979167461395264 0.16250000894069672 0.20208334922790527
1 0.668749988079071 0.3968750238418579 0.16250000894069672 0.20208334922790527
1 0.4671874940395355 0.596875011920929 0.19062499701976776 0.21458333730697632
1 0.3648437559604645 0.5489583611488342 0.1796875 0.21458333730697632
1 0.32343751192092896 0.8010417222976685 0.15312500298023224 0.26875001192092896
1 0.53515625 0.8239583969116211 0.11093749850988388 0.24791668355464935
1 0.5992187857627869 0.16041667759418488 0.2109375 0.31666669249534607
2 0.703125 0.7270833849906921 0.3499999940395355 0.4208333492279053
1 0.16796875 0.7479166984558105 0.17031250894069672 0.22083334624767303
1 0.05390625074505806 0.546875 0.10468750447034836 0.24791668355464935
1 0.3382812440395355 0.34791669249534607 0.17031250894069672 0.22083334624767303
1 0.25859376788139343 0.2906250059604645 0.17343750596046448 0.2395833432674408
1 0.30937501788139343 0.0937500074505806 0.14687500894069672 0.18333333730697632
1 0.453125 0.0937500074505806 0.14687500894069672 0.18333333730697632
1 0.8765625357627869 0.5302083492279053 0.16250000894069672 0.20208334922790527
1 0.8296875357627869 0.31979167461395264 0.16250000894069672 0.20208334922790527
1 0.668749988079071 0.3968750238418579 0.16250000894069672 0.20208334922790527
1 0.4671874940395355 0.596875011920929 0.19062499701976776 0.21458333730697632
1 0.3648437559604645 0.5489583611488342 0.1796875 0.21458333730697632
1 0.32343751192092896 0.8010417222976685 0.15312500298023224 0.26875001192092896
1 0.53515625 0.8239583969116211 0.11093749850988388 0.24791668355464935
1 0.5992187857627869 0.16041667759418488 0.2109375 0.31666669249534607
2 0.703125 0.7270833849906921 0.3499999940395355 0.4208333492279053
