1 0.7890625 0.4322916865348816 0.15000000596046448 0.18125000596046448
1 0.8492187857627869 0.6375000476837158 0.1328125 0.1875000149011612
1 0.9453125 0.7385417222976685 0.109375 0.21458333730697632
1 0.821093738079071 0.8312500715255737 0.16718749701976776 0.19166667759418488
1 0.140625 0.7427083849906921 0.14374999701976776 0.19375000894069672
1 0.12734375894069672 0.9093750715255737 0.17656250298023224 0.1770833432674408
1 0.28515625 0.6958333849906921 0.19218750298023224 0.25
1 0.32890626788139343 0.4052083492279053 0.15156249701976776 0.22708334028720856
1 0.09140624850988388 0.09166666865348816 0.12343750149011612 0.17916667461395264
1 0.3179687559604645 0.19166667759418488 0.15781250596046448 0.1875000149011612
1 0.4296875 0.9322916865348816 0.13437500596046448 0.1354166716337204
1 0.22421875596046448 0.20416668057441711 0.15156249701976776 0.25
1 0.948437511920929 0.5291666984558105 0.10312499850988388 0.19166667759418488
1 0.42656251788139343 0.5552083849906921 0.15000000596046448 0.18125000596046448
2 0.5257812738418579 0.32083335518836975 0.37968751788139343 0.4750000238418579
1 0.7890625 0.4322916865348816 0.15000000596046448 0.18125000596046448
1 0.8492187857627869 0.6375000476837158 0.1328125 0.1875000149011612
1 0.9453125 0.7385417222976685 0.109375 0.21458333730697632
1 0.821093738079071 0.8312500715255737 0.16718749701976776 0.19166667759418488
1 0.140625 0.7427083849906921 0.14374999701976776 0.19375000894069672
1 0.12734375894069672 0.9093750715255737 0.17656250298023224 0.1770833432674408
1 0.28515625 0.6958333849906921 0.19218750298023224 0.25
1 0.32890626788139343 0.4052083492279053 0.15156249701976776 0.22708334028720856
1 0.09140624850988388 0.09166666865348816 0.12343750149011612 0.17916667461395264
1 0.3179687559604645 0.19166667759418488 0.15781250596046448 0.1875000149011612
1 0.4296875 0.9322916865348816 0.13437500596046448 0.1354166716337204
1 0.22421875596046448 0.20416668057441711 0.15156249701976776 0.25
1 0.948437511920929 0.5291666984558105 0.10312499850988388 0.19166667759418488
1 0.42656251788139343 0.5552083849906921 0.15000000596046448 0.18125000596046448
2 0.5257812738418579 0.32083335518836975 0.37968751788139343 0.4750000238418579
