1 0.1328125 0.45000001788139343 0.171875 0.20000001788139343
1 0.09453125298023224 0.17500001192092896 0.15156249701976776 0.20416668057441711
1 0.12656250596046448 0.8375000357627869 0.17499999701976776 0.2083333432674408
1 0.2578125 0.7666667103767395 0.17499999701976776 0.2083333432674408
1 0.33671876788139343 0.6260417103767395 0.1796875 0.25208336114883423
1 0.4632812440395355 0.8197917342185974 0.15156249701976776 0.1979166716337204
1 0.6273437738418579 0.7020833492279053 0.16093750298023224 0.1875000149011612
1 0.609375 0.23541668057441711 0.19062499701976776 0.2291666716337204
1 0.3671875 0.10625000298023224 0.203125 0.2083333432674408
1 0.34765625 0.32604169845581055 0.17031250894069672 0.19375000894069672
1 0.38750001788139343 0.39791667461395264 0.140625 0.16250000894069672
1 0.723437488079071 0.08020833879709244 0.234375 0.1562500149011612
1 0.907031238079071 0.5437500476837158 0.17656250298023224 0.1666666716337204
1 0.7992187738418579 0.34062501788139343 0.12968750298023224 0.17291668057441711
1 0.8726562857627869 0.3072916865348816 0.1484375 0.22291667759418488
2 0.8687500357627869 0.7958333492279053 0.26250001788139343 0.38333335518836975
0 0.69921875 0.5552083849906921 0.10781250149011612 0.15208333730697632
0 0.14140625298023224 0.28125 0.0703125 0.09166666865348816
0 0.21562500298023224 0.09270834177732468 0.08125000447034836 0.08125000447034836
1 0.1328125 0.45000001788139343 0.171875 0.20000001788139343
1 0.09453125298023224 0.17500001192092896 0.15156249701976776 0.20416668057441711
1 0.12656250596046448 0.8375000357627869 0.17499999701976776 0.2083333432674408
1 0.2578125 0.7666667103767395 0.17499999701976776 0.2083333432674408
1 0.33671876788139343 0.6260417103767395 0.1796875 0.25208336114883423
1 0.4632812440395355 0.8197917342185974 0.15156249701976776 0.1979166716337204
1 0.6273437738418579 0.7020833492279053 0.16093750298023224 0.1875000149011612
1 0.609375 0.23541668057441711 0.19062499701976776 0.2291666716337204
1 0.3671875 0.10625000298023224 0.203125 0.2083333432674408
1 0.34765625 0.32604169845581055 0.17031250894069672 0.19375000894069672
1 0.38750001788139343 0.39791667461395264 0.140625 0.16250000894069672
1 0.723437488079071 0.08020833879709244 0.234375 0.1562500149011612
1 0.907031238079071 0.5437500476837158 0.17656250298023224 0.1666666716337204
1 0.7992187738418579 0.34062501788139343 0.12968750298023224 0.17291668057441711
1 0.8726562857627869 0.3072916865348816 0.1484375 0.22291667759418488
2 0.8687500357627869 0.7958333492279053 0.26250001788139343 0.38333335518836975
0 0.69921875 0.5552083849906921 0.10781250149011612 0.15208333730697632
0 0.14140625298023224 0.28125 0.0703125 0.09166666865348816
0 0.21562500298023224 0.09270834177732468 0.08125000447034836 0.08125000447034836
