1 0.629687488079071 0.6729167103767395 0.20624999701976776 0.26250001788139343
1 0.862500011920929 0.6468750238418579 0.19687500596046448 0.21458333730697632
1 0.22187499701976776 0.8531250357627869 0.24062500894069672 0.2770833373069763
1 0.921875 0.2552083432674408 0.15625 0.20208334922790527
1 0.15703125298023224 0.5531250238418579 0.1640625 0.20625001192092896
1 0.74609375 0.7833333611488342 0.2265625 0.19583334028720856
2 0.47968751192092896 0.35625001788139343 0.21250000596046448 0.2958333492279053
1 0.832812488079071 0.30937501788139343 0.15625 0.20208334922790527
1 0.7679687738418579 0.265625 0.15781250596046448 0.20208334922790527
1 0.629687488079071 0.6729167103767395 0.20624999701976776 0.26250001788139343
1 0.862500011920929 0.6468750238418579 0.19687500596046448 0.21458333730697632
1 0.22187499701976776 0.8531250357627869 0.24062500894069672 0.2770833373069763
1 0.921875 0.2552083432674408 0.15625 0.20208334922790527
1 0.15703125298023224 0.5531250238418579 0.1640625 0.20625001192092896
1 0.74609375 0.7833333611488342 0.2265625 0.19583334028720856
2 0.47968751192092896 0.35625001788139343 0.21250000596046448 0.2958333492279053
1 0.832812488079071 0.30937501788139343 0.15625 0.20208334922790527
1 0.7679687738418579 0.265625 0.15781250596046448 0.20208334922790527
