1 0.3125 0.8343750238418579 0.18125000596046448 0.19375000894069672
1 0.12890625 0.8708333969116211 0.17343750596046448 0.1875000149011612
1 0.4156250059604645 0.28437501192092896 0.18125000596046448 0.19375000894069672
1 0.696093738079071 0.1979166716337204 0.18281249701976776 0.22500000894069672
1 0.7242187857627869 0.43437501788139343 0.14531250298023224 0.22708334028720856
1 0.9320312738418579 0.6072916984558105 0.13593749701976776 0.2645833492279053
1 0.2953124940395355 0.5104166865348816 0.15312500298023224 0.21250000596046448
1 0.45000001788139343 0.6979166865348816 0.15312500298023224 0.21250000596046448
1 0.16093750298023224 0.7291666865348816 0.15625 0.1875000149011612
1 0.514843761920929 0.1666666716337204 0.17656250298023224 0.25
2 0.629687488079071 0.6989583969116211 0.20624999701976776 0.2770833373069763
0 0.23515625298023224 0.4385416805744171 0.05156249925494194 0.06875000149011612
2 0.93359375 0.31458336114883423 0.1328125 0.25833335518836975
1 0.3125 0.8343750238418579 0.18125000596046448 0.19375000894069672
1 0.12890625 0.8708333969116211 0.17343750596046448 0.1875000149011612
1 0.4156250059604645 0.28437501192092896 0.18125000596046448 0.19375000894069672
1 0.696093738079071 0.1979166716337204 0.18281249701976776 0.22500000894069672
1 0.7242187857627869 0.43437501788139343 0.14531250298023224 0.22708334028720856
1 0.9320312738418579 0.6072916984558105 0.13593749701976776 0.2645833492279053
1 0.2953124940395355 0.5104166865348816 0.15312500298023224 0.21250000596046448
1 0.45000001788139343 0.6979166865348816 0.15312500298023224 0.21250000596046448
1 0.16093750298023224 0.7291666865348816 0.15625 0.1875000149011612
1 0.514843761920929 0.1666666716337204 0.17656250298023224 0.25
2 0.629687488079071 0.6989583969116211 0.20624999701976776 0.2770833373069763
0 0.23515625298023224 0.4385416805744171 0.05156249925494194 0.06875000149011612
2 0.93359375 0.31458336114883423 0.1328125 0.25833335518836975
