1 0.42656251788139343 0.5593750476837158 0.16562500596046448 0.19375000894069672
1 0.651562511920929 0.13125000894069672 0.16875000298023224 0.2458333522081375
1 0.725781261920929 0.41875001788139343 0.1328125 0.21250000596046448
1 0.4828124940395355 0.11770834028720856 0.16562500596046448 0.2187500149011612
1 0.2945312559604645 0.3812500238418579 0.2265625 0.2291666716337204
1 0.6820312738418579 0.706250011920929 0.1796875 0.21250000596046448
1 0.19453124701976776 0.5635417103767395 0.12031250447034836 0.16041667759418488
1 0.17421875894069672 0.8812500238418579 0.15468750894069672 0.19583334028720856
1 0.24296875298023224 0.1770833432674408 0.17031250894069672 0.23333334922790527
1 0.4749999940395355 0.36770835518836975 0.16875000298023224 0.21041667461395264
1 0.3492187559604645 0.8833333849906921 0.15156249701976776 0.23333334922790527
2 0.58984375 0.8479167222976685 0.3515625 0.30416667461395264
1 0.42656251788139343 0.5593750476837158 0.16562500596046448 0.19375000894069672
1 0.651562511920929 0.13125000894069672 0.16875000298023224 0.2458333522081375
1 0.725781261920929 0.41875001788139343 0.1328125 0.21250000596046448
1 0.4828124940395355 0.11770834028720856 0.16562500596046448 0.2187500149011612
1 0.2945312559604645 0.3812500238418579 0.2265625 0.2291666716337204
1 0.6820312738418579 0.706250011920929 0.1796875 0.21250000596046448
1 0.19453124701976776 0.5635417103767395 0.12031250447034836 0.16041667759418488
1 0.17421875894069672 0.8812500238418579 0.15468750894069672 0.19583334028720856
1 0.24296875298023224 0.1770833432674408 0.17031250894069672 0.23333334922790527
1 0.4749999940395355 0.36770835518836975 0.16875000298023224 0.21041667461395264
1 0.3492187559604645 0.8833333849906921 0.15156249701976776 0.23333334922790527
2 0.58984375 0.8479167222976685 0.3515625 0.30416667461395264
