1 0.8265625238418579 0.3958333432674408 0.16875000298023224 0.1875000149011612
1 0.4078125059604645 0.40416669845581055 0.16875000298023224 0.1875000149011612
1 0.10312499850988388 0.5770833492279053 0.16875000298023224 0.1875000149011612
1 0.8531250357627869 0.8541666865348816 0.16875000298023224 0.1875000149011612
1 0.8890625238418579 0.7562500238418579 0.16875000298023224 0.1875000149011612
1 0.26093751192092896 0.46250003576278687 0.18125000596046448 0.21250000596046448
1 0.09531249850988388 0.8031250238418579 0.18125000596046448 0.23541668057441711
1 0.09218750149011612 0.7989583611488342 0.18125000596046448 0.23541668057441711
2 0.671875 0.6416667103767395 0.37812501192092896 0.4541666805744171
1 0.8265625238418579 0.3958333432674408 0.16875000298023224 0.1875000149011612
1 0.4078125059604645 0.40416669845581055 0.16875000298023224 0.1875000149011612
1 0.10312499850988388 0.5770833492279053 0.16875000298023224 0.1875000149011612
1 0.8531250357627869 0.8541666865348816 0.16875000298023224 0.1875000149011612
1 0.8890625238418579 0.7562500238418579 0.16875000298023224 0.1875000149011612
1 0.26093751192092896 0.46250003576278687 0.18125000596046448 0.21250000596046448
1 0.09531249850988388 0.8031250238418579 0.18125000596046448 0.23541668057441711
1 0.09218750149011612 0.7989583611488342 0.18125000596046448 0.23541668057441711
2 0.671875 0.6416667103767395 0.37812501192092896 0.4541666805744171
