1 0.63671875 0.10625000298023224 0.17031250894069672 0.2083333432674408
1 0.5453125238418579 0.34687501192092896 0.16562500596046448 0.28541669249534607
1 0.5679687857627869 0.6729167103767395 0.18906250596046448 0.2458333522081375
1 0.171875 0.26770836114883423 0.19062499701976776 0.2770833373069763
1 0.39375001192092896 0.14375001192092896 0.14687500894069672 0.20000001788139343
1 0.9390625357627869 0.09062500298023224 0.12187500298023224 0.1770833432674408
1 0.36328125 0.4750000238418579 0.18593750894069672 0.23750001192092896
1 0.921875 0.6552083492279053 0.15625 0.18958334624767303
1 0.8960937857627869 0.8135417103767395 0.18593750894069672 0.20208334922790527
1 0.5367187857627869 0.9000000357627869 0.12343750149011612 0.20000001788139343
1 0.948437511920929 0.4541666805744171 0.10312499850988388 0.25
1 0.0546875 0.8250000476837158 0.10625000298023224 0.2458333522081375
1 0.05546874925494194 0.3708333671092987 0.10781250149011612 0.19166667759418488
1 0.47343751788139343 0.12291667610406876 0.14687500894069672 0.20000001788139343
2 0.77734375 0.30104169249534607 0.23281250894069672 0.28541669249534607
1 0.63671875 0.10625000298023224 0.17031250894069672 0.2083333432674408
1 0.5453125238418579 0.34687501192092896 0.16562500596046448 0.28541669249534607
1 0.5679687857627869 0.6729167103767395 0.18906250596046448 0.2458333522081375
1 0.171875 0.26770836114883423 0.19062499701976776 0.2770833373069763
1 0.39375001192092896 0.14375001192092896 0.14687500894069672 0.20000001788139343
1 0.9390625357627869 0.09062500298023224 0.12187500298023224 0.1770833432674408
1 0.36328125 0.4750000238418579 0.18593750894069672 0.23750001192092896
1 0.921875 0.6552083492279053 0.15625 0.18958334624767303
1 0.8960937857627869 0.8135417103767395 0.18593750894069672 0.20208334922790527
1 0.5367187857627869 0.9000000357627869 0.12343750149011612 0.20000001788139343
1 0.948437511920929 0.4541666805744171 0.10312499850988388 0.25
1 0.0546875 0.8250000476837158 0.10625000298023224 0.2458333522081375
1 0.05546874925494194 0.3708333671092987 0.10781250149011612 0.19166667759418488
1 0.47343751788139343 0.12291667610406876 0.14687500894069672 0.20000001788139343
2 0.77734375 0.30104169249534607 0.23281250894069672 0.28541669249534607
