1 0.22265625 0.11666667461395264 0.16093750298023224 0.22083334624767303
1 0.21875 0.42604169249534607 0.15000000596046448 0.22708334028720856
1 0.8203125 0.21250000596046448 0.17499999701976776 0.20000001788139343
1 0.676562488079071 0.7583333849906921 0.17499999701976776 0.20000001788139343
1 0.22109375894069672 0.8562500476837158 0.13593749701976776 0.18333333730697632
1 0.09296875447034836 0.16250000894069672 0.13593749701976776 0.18333333730697632
1 0.51953125 0.7395833730697632 0.13593749701976776 0.18333333730697632
1 0.897656261920929 0.9218750596046448 0.1640625 0.14791667461395264
2 0.7906250357627869 0.5447916984558105 0.22187499701976776 0.28125
0 0.758593738079071 0.3229166865348816 0.06718750298023224 0.07916667312383652
1 0.22265625 0.11666667461395264 0.16093750298023224 0.22083334624767303
1 0.21875 0.42604169249534607 0.15000000596046448 0.22708334028720856
1 0.8203125 0.21250000596046448 0.17499999701976776 0.20000001788139343
1 0.676562488079071 0.7583333849906921 0.17499999701976776 0.20000001788139343
1 0.22109375894069672 0.8562500476837158 0.13593749701976776 0.18333333730697632
1 0.09296875447034836 0.16250000894069672 0.13593749701976776 0.18333333730697632
1 0.51953125 0.7395833730697632 0.13593749701976776 0.18333333730697632
1 0.897656261920929 0.9218750596046448 0.1640625 0.14791667461395264
2 0.7906250357627869 0.5447916984558105 0.22187499701976776 0.28125
0 0.758593738079071 0.3229166865348816 0.06718750298023224 0.07916667312383652
