1 0.47734376788139343 0.8250000476837158 0.17031250894069672 0.2291666716337204
1 0.5875000357627869 0.9239583611488342 0.17812500894069672 0.14791667461395264
1 0.7210937738418579 0.7958333492279053 0.17031250894069672 0.2291666716337204
1 0.7109375 0.581250011920929 0.13125000894069672 0.1875000149011612
1 0.58203125 0.6291667222976685 0.17031250894069672 0.2291666716337204
1 0.40234375 0.2916666865348816 0.17031250894069672 0.2291666716337204
1 0.3265624940395355 0.33125001192092896 0.16562500596046448 0.21666668355464935
1 0.51953125 0.07395833730697632 0.16093750298023224 0.14375001192092896
1 0.6929687857627869 0.30416667461395264 0.17031250894069672 0.2291666716337204
1 0.7750000357627869 0.08541667461395264 0.16562500596046448 0.1666666716337204
1 0.14374999701976776 0.36250001192092896 0.19062499701976776 0.20000001788139343
1 0.2554687559604645 0.14895834028720856 0.1796875 0.22291667759418488
2 0.23984375596046448 0.659375011920929 0.2515625059604645 0.31041666865348816
1 0.47734376788139343 0.8250000476837158 0.17031250894069672 0.2291666716337204
1 0.5875000357627869 0.9239583611488342 0.17812500894069672 0.14791667461395264
1 0.7210937738418579 0.7958333492279053 0.17031250894069672 0.2291666716337204
1 0.7109375 0.581250011920929 0.13125000894069672 0.1875000149011612
1 0.58203125 0.6291667222976685 0.17031250894069672 0.2291666716337204
1 0.40234375 0.2916666865348816 0.17031250894069672 0.2291666716337204
1 0.3265624940395355 0.33125001192092896 0.16562500596046448 0.21666668355464935
1 0.51953125 0.07395833730697632 0.16093750298023224 0.14375001192092896
1 0.6929687857627869 0.30416667461395264 0.17031250894069672 0.2291666716337204
1 0.7750000357627869 0.08541667461395264 0.16562500596046448 0.1666666716337204
1 0.14374999701976776 0.36250001192092896 0.19062499701976776 0.20000001788139343
1 0.2554687559604645 0.14895834028720856 0.1796875 0.22291667759418488
2 0.23984375596046448 0.659375011920929 0.2515625059604645 0.31041666865348816
