1 0.706250011920929 0.6166666746139526 0.16250000894069672 0.20416668057441711
1 0.706250011920929 0.7395833730697632 0.16250000894069672 0.20416668057441711
1 0.918749988079071 0.4958333671092987 0.16250000894069672 0.20416668057441711
1 0.600781261920929 0.09166666865348816 0.1640625 0.17916667461395264
1 0.18203125894069672 0.19375000894069672 0.16093750298023224 0.23333334922790527
1 0.7875000238418579 0.10729166865348816 0.16250000894069672 0.18125000596046448
1 0.7718750238418579 0.41458335518836975 0.16250000894069672 0.22500000894069672
1 0.4749999940395355 0.4479166865348816 0.16250000894069672 0.20416668057441711
1 0.0625 0.34583336114883423 0.12187500298023224 0.2083333432674408
1 0.5492187738418579 0.8677083849906921 0.15781250596046448 0.21041667461395264
1 0.5914062857627869 0.2968750298023224 0.15781250596046448 0.21041667461395264
2 0.27265626192092896 0.7916666865348816 0.2578125 0.2875000238418579
0 0.2984375059604645 0.25 0.05625000223517418 0.07500000298023224
0 0.9664062857627869 0.8739583492279053 0.06406249850988388 0.08541667461395264
1 0.706250011920929 0.6166666746139526 0.16250000894069672 0.20416668057441711
1 0.706250011920929 0.7395833730697632 0.16250000894069672 0.20416668057441711
1 0.918749988079071 0.4958333671092987 0.16250000894069672 0.20416668057441711
1 0.600781261920929 0.09166666865348816 0.1640625 0.17916667461395264
1 0.18203125894069672 0.19375000894069672 0.16093750298023224 0.23333334922790527
1 0.7875000238418579 0.10729166865348816 0.16250000894069672 0.18125000596046448
1 0.7718750238418579 0.41458335518836975 0.16250000894069672 0.22500000894069672
1 0.4749999940395355 0.4479166865348816 0.16250000894069672 0.20416668057441711
1 0.0625 0.34583336114883423 0.12187500298023224 0.2083333432674408
1 0.5492187738418579 0.8677083849906921 0.15781250596046448 0.21041667461395264
1 0.5914062857627869 0.2968750298023224 0.15781250596046448 0.21041667461395264
2 0.27265626192092896 0.7916666865348816 0.2578125 0.2875000238418579
0 0.2984375059604645 0.25 0.05625000223517418 0.07500000298023224
0 0.9664062857627869 0.8739583492279053 0.06406249850988388 0.08541667461395264
