1 0.8960937857627869 0.4520833492279053 0.13906250894069672 0.17916667461395264
1 0.621874988079071 0.7260417342185974 0.15937499701976776 0.24375000596046448
1 0.08125000447034836 0.8166667222976685 0.15000000596046448 0.1875000149011612
1 0.702343761920929 0.9281250238418579 0.20781250298023224 0.1354166716337204
1 0.48906251788139343 0.9072917103767395 0.18437500298023224 0.18541668355464935
1 0.46796876192092896 0.7270833849906921 0.16718749701976776 0.21666668355464935
1 0.6484375 0.1093750074505806 0.21250000596046448 0.21458333730697632
1 0.875781238079071 0.8510417342185974 0.17343750596046448 0.19375000894069672
1 0.1328125 0.16770833730697632 0.13750000298023224 0.28541669249534607
1 0.592968761920929 0.3437500298023224 0.19218750298023224 0.20000001788139343
1 0.13828125596046448 0.5885416865348816 0.18281249701976776 0.19375000894069672
1 0.21562500298023224 0.7645833492279053 0.16875000298023224 0.19166667759418488
0 0.08515625447034836 0.42604169249534607 0.08281250298023224 0.08958333730697632
2 0.3203125 0.48645836114883423 0.40937501192092896 0.5229166746139526
1 0.8960937857627869 0.4520833492279053 0.13906250894069672 0.17916667461395264
1 0.621874988079071 0.7260417342185974 0.15937499701976776 0.24375000596046448
1 0.08125000447034836 0.8166667222976685 0.15000000596046448 0.1875000149011612
1 0.702343761920929 0.9281250238418579 0.20781250298023224 0.1354166716337204
1 0.48906251788139343 0.9072917103767395 0.18437500298023224 0.18541668355464935
1 0.46796876192092896 0.7270833849906921 0.16718749701976776 0.21666668355464935
1 0.6484375 0.1093750074505806 0.21250000596046448 0.21458333730697632
1 0.875781238079071 0.8510417342185974 0.17343750596046448 0.19375000894069672
1 0.1328125 0.16770833730697632 0.13750000298023224 0.28541669249534607
1 0.592968761920929 0.3437500298023224 0.19218750298023224 0.20000001788139343
1 0.13828125596046448 0.5885416865348816 0.18281249701976776 0.19375000894069672
1 0.21562500298023224 0.7645833492279053 0.16875000298023224 0.19166667759418488
0 0.08515625447034836 0.42604169249534607 0.08281250298023224 0.08958333730697632
2 0.3203125 0.48645836114883423 0.40937501192092896 0.5229166746139526
