1 0.678906261920929 0.09166666865348816 0.16718749701976776 0.17916667461395264
1 0.8382812738418579 0.15312500298023224 0.17343750596046448 0.20625001192092896
1 0.5015625357627869 0.28854167461395264 0.19375000894069672 0.24791668355464935
1 0.3203125 0.07187500596046448 0.15937499701976776 0.13958333432674408
1 0.10234375298023224 0.5739583373069763 0.19843749701976776 0.23125001788139343
1 0.5546875 0.8885416984558105 0.14687500894069672 0.22291667759418488
1 0.25 0.20625001192092896 0.18125000596046448 0.21666668355464935
1 0.6343750357627869 0.49791669845581055 0.18125000596046448 0.21666668355464935
1 0.8125 0.5708333849906921 0.18125000596046448 0.21666668355464935
1 0.3515625 0.9291667342185974 0.20624999701976776 0.13333334028720856
1 0.06640625 0.8447917103767395 0.12968750298023224 0.20208334922790527
2 0.3929687440395355 0.6833333969116211 0.3203125 0.3958333432674408
1 0.678906261920929 0.09166666865348816 0.16718749701976776 0.17916667461395264
1 0.8382812738418579 0.15312500298023224 0.17343750596046448 0.20625001192092896
1 0.5015625357627869 0.28854167461395264 0.19375000894069672 0.24791668355464935
1 0.3203125 0.07187500596046448 0.15937499701976776 0.13958333432674408
1 0.10234375298023224 0.5739583373069763 0.19843749701976776 0.23125001788139343
1 0.5546875 0.8885416984558105 0.14687500894069672 0.22291667759418488
1 0.25 0.20625001192092896 0.18125000596046448 0.21666668355464935
1 0.6343750357627869 0.49791669845581055 0.18125000596046448 0.21666668355464935
1 0.8125 0.5708333849906921 0.18125000596046448 0.21666668355464935
1 0.3515625 0.9291667342185974 0.20624999701976776 0.13333334028720856
1 0.06640625 0.8447917103767395 0.12968750298023224 0.20208334922790527
2 0.3929687440395355 0.6833333969116211 0.3203125 0.3958333432674408
