1 0.5921875238418579 0.48125001788139343 0.15937499701976776 0.2083333432674408
1 0.11328125 0.10104167461395264 0.1796875 0.1979166716337204
1 0.768750011920929 0.4375000298023224 0.17812500894069672 0.23333334922790527
1 0.2515625059604645 0.6020833849906921 0.17812500894069672 0.20416668057441711
1 0.9078125357627869 0.8572916984558105 0.17812500894069672 0.20208334922790527
1 0.890625 0.14270834624767303 0.17812500894069672 0.20208334922790527
1 0.44609376788139343 0.21979168057441711 0.1796875 0.22708334028720856
1 0.6539062857627869 0.22708334028720856 0.14218750596046448 0.1666666716337204
0 0.6664062738418579 0.8583333492279053 0.06093750149011612 0.06666667014360428
2 0.20703125 0.2718750238418579 0.23281250894069672 0.31458336114883423
1 0.5921875238418579 0.48125001788139343 0.15937499701976776 0.2083333432674408
1 0.11328125 0.10104167461395264 0.1796875 0.1979166716337204
1 0.768750011920929 0.4375000298023224 0.17812500894069672 0.23333334922790527
1 0.2515625059604645 0.6020833849906921 0.17812500894069672 0.20416668057441711
1 0.9078125357627869 0.8572916984558105 0.17812500894069672 0.20208334922790527
1 0.890625 0.14270834624767303 0.17812500894069672 0.20208334922790527
1 0.44609376788139343 0.21979168057441711 0.1796875 0.22708334028720856
1 0.6539062857627869 0.22708334028720856 0.14218750596046448 0.1666666716337204
0 0.6664062738418579 0.8583333492279053 0.06093750149011612 0.06666667014360428
2 0.20703125 0.2718750238418579 0.23281250894069672 0.31458336114883423
