1 0.09531249850988388 0.7583333849906921 0.15312500298023224 0.19583334028720856
1 0.05546874925494194 0.5354167222976685 0.10781250149011612 0.2750000059604645
1 0.57421875 0.3739583492279053 0.1953125 0.23541668057441711
1 0.692187488079071 0.6291667222976685 0.15937499701976776 0.22500000894069672
1 0.34687501192092896 0.7302083969116211 0.15625 0.24375000596046448
1 0.90625 0.49791669845581055 0.1875 0.2291666716337204
1 0.5726562738418579 0.09062500298023224 0.1640625 0.1770833432674408
1 0.22109375894069672 0.2770833373069763 0.20781250298023224 0.20416668057441711
1 0.17812500894069672 0.44583335518836975 0.19687500596046448 0.2708333432674408
1 0.5296875238418579 0.753125011920929 0.19687500596046448 0.21041667461395264
1 0.36250001192092896 0.08125000447034836 0.19375000894069672 0.15833334624767303
0 0.35078126192092896 0.9177083969116211 0.06093750149011612 0.0937500074505806
0 0.453125 0.1718750149011612 0.05937499925494194 0.08541667461395264
2 0.7476562857627869 0.17291668057441711 0.24531249701976776 0.31666669249534607
1 0.09531249850988388 0.7583333849906921 0.15312500298023224 0.19583334028720856
1 0.05546874925494194 0.5354167222976685 0.10781250149011612 0.2750000059604645
1 0.57421875 0.3739583492279053 0.1953125 0.23541668057441711
1 0.692187488079071 0.6291667222976685 0.15937499701976776 0.22500000894069672
1 0.34687501192092896 0.7302083969116211 0.15625 0.24375000596046448
1 0.90625 0.49791669845581055 0.1875 0.2291666716337204
1 0.5726562738418579 0.09062500298023224 0.1640625 0.1770833432674408
1 0.22109375894069672 0.2770833373069763 0.20781250298023224 0.20416668057441711
1 0.17812500894069672 0.44583335518836975 0.19687500596046448 0.2708333432674408
1 0.5296875238418579 0.753125011920929 0.19687500596046448 0.21041667461395264
1 0.36250001192092896 0.08125000447034836 0.19375000894069672 0.15833334624767303
0 0.35078126192092896 0.9177083969116211 0.06093750149011612 0.0937500074505806
0 0.453125 0.1718750149011612 0.05937499925494194 0.08541667461395264
2 0.7476562857627869 0.17291668057441711 0.24531249701976776 0.31666669249534607
