1 0.3515625 0.5958333611488342 0.18437500298023224 0.2083333432674408
1 0.14453125 0.5281250476837158 0.18906250596046448 0.24791668355464935
1 0.28984376788139343 0.8145833611488342 0.15781250596046448 0.21250000596046448
1 0.15859375894069672 0.7395833730697632 0.15781250596046448 0.21250000596046448
1 0.9359375238418579 0.4281250238418579 0.12812499701976776 0.20208334922790527
1 0.7710937857627869 0.31041666865348816 0.1484375 0.19583334028720856
1 0.48828125 0.11562500894069672 0.1796875 0.22708334028720856
1 0.20937500894069672 0.21145834028720856 0.19062499701976776 0.24375000596046448
1 0.29765626788139343 0.3958333432674408 0.12656250596046448 0.1666666716337204
1 0.938281238079071 0.8989583849906921 0.12343750149011612 0.20208334922790527
2 0.797656238079071 0.6500000357627869 0.2984375059604645 0.36666667461395264
1 0.3515625 0.5958333611488342 0.18437500298023224 0.2083333432674408
1 0.14453125 0.5281250476837158 0.18906250596046448 0.24791668355464935
1 0.28984376788139343 0.8145833611488342 0.15781250596046448 0.21250000596046448
1 0.15859375894069672 0.7395833730697632 0.15781250596046448 0.21250000596046448
1 0.9359375238418579 0.4281250238418579 0.12812499701976776 0.20208334922790527
1 0.7710937857627869 0.31041666865348816 0.1484375 0.19583334028720856
1 0.48828125 0.11562500894069672 0.1796875 0.22708334028720856
1 0.20937500894069672 0.21145834028720856 0.19062499701976776 0.24375000596046448
1 0.29765626788139343 0.3958333432674408 0.12656250596046448 0.1666666716337204
1 0.938281238079071 0.8989583849906921 0.12343750149011612 0.20208334922790527
2 0.797656238079071 0.6500000357627869 0.2984375059604645 0.36666667461395264
