1 0.1796875 0.22812500596046448 0.15625 0.28125
1 0.672656238079071 0.08750000596046448 0.1796875 0.17083334922790527
1 0.4476562440395355 0.1145833358168602 0.18593750894069672 0.21666668355464935
1 0.8539062738418579 0.3750000298023224 0.18593750894069672 0.21666668355464935
1 0.36640626192092896 0.7083333730697632 0.18593750894069672 0.21666668355464935
1 0.23906250298023224 0.9031250476837158 0.18437500298023224 0.19375000894069672
1 0.571093738079071 0.8500000238418579 0.17031250894069672 0.23750001192092896
1 0.15937499701976776 0.659375011920929 0.16562500596046448 0.18125000596046448
1 0.3421874940395355 0.27291667461395264 0.16875000298023224 0.22500000894069672
1 0.27656251192092896 0.4802083671092987 0.22187499701976776 0.2604166865348816
1 0.813281238079071 0.9135417342185974 0.17031250894069672 0.17291668057441711
1 0.9351562857627869 0.5302083492279053 0.12968750298023224 0.2187500149011612
2 0.561718761920929 0.5145833492279053 0.33281251788139343 0.4333333671092987
0 0.13906250894069672 0.07083334028720856 0.05937499925494194 0.07916667312383652
1 0.1796875 0.22812500596046448 0.15625 0.28125
1 0.672656238079071 0.08750000596046448 0.1796875 0.17083334922790527
1 0.4476562440395355 0.1145833358168602 0.18593750894069672 0.21666668355464935
1 0.8539062738418579 0.3750000298023224 0.18593750894069672 0.21666668355464935
1 0.36640626192092896 0.7083333730697632 0.18593750894069672 0.21666668355464935
1 0.23906250298023224 0.9031250476837158 0.18437500298023224 0.19375000894069672
1 0.571093738079071 0.8500000238418579 0.17031250894069672 0.23750001192092896
1 0.15937499701976776 0.659375011920929 0.16562500596046448 0.18125000596046448
1 0.3421874940395355 0.27291667461395264 0.16875000298023224 0.22500000894069672
1 0.27656251192092896 0.4802083671092987 0.22187499701976776 0.2604166865348816
1 0.813281238079071 0.9135417342185974 0.17031250894069672 0.17291668057441711
1 0.9351562857627869 0.5302083492279053 0.12968750298023224 0.2187500149011612
2 0.561718761920929 0.5145833492279053 0.33281251788139343 0.4333333671092987
0 0.13906250894069672 0.07083334028720856 0.05937499925494194 0.07916667312383652
