1 0.532031238079071 0.7166666984558105 0.16718749701976776 0.21250000596046448
1 0.40312501788139343 0.6729167103767395 0.13750000298023224 0.17500001192092896
1 0.13671875 0.23125001788139343 0.13593749701976776 0.25833335518836975
1 0.899218738079071 0.3604166805744171 0.16718749701976776 0.21250000596046448
1 0.33671876788139343 0.4479166865348816 0.17031250894069672 0.21666668355464935
1 0.46015626192092896 0.45729169249534607 0.15156249701976776 0.20208334922790527
1 0.553906261920929 0.46666669845581055 0.15468750894069672 0.19166667759418488
1 0.32421875 0.8666667342185974 0.15468750894069672 0.19166667759418488
1 0.05546874925494194 0.5114583373069763 0.10781250149011612 0.21041667461395264
1 0.2867187559604645 0.6770833730697632 0.15468750894069672 0.19166667759418488
1 0.7562500238418579 0.35625001788139343 0.14687500894069672 0.21666668355464935
1 0.807812511920929 0.6072916984558105 0.18437500298023224 0.22708334028720856
1 0.746874988079071 0.8031250238418579 0.18437500298023224 0.22708334028720856
2 0.5679687857627869 0.18645834922790527 0.3734374940395355 0.3687500059604645
1 0.532031238079071 0.7166666984558105 0.16718749701976776 0.21250000596046448
1 0.40312501788139343 0.6729167103767395 0.13750000298023224 0.17500001192092896
1 0.13671875 0.23125001788139343 0.13593749701976776 0.25833335518836975
1 0.899218738079071 0.3604166805744171 0.16718749701976776 0.21250000596046448
1 0.33671876788139343 0.4479166865348816 0.17031250894069672 0.21666668355464935
1 0.46015626192092896 0.45729169249534607 0.15156249701976776 0.20208334922790527
1 0.553906261920929 0.46666669845581055 0.15468750894069672 0.19166667759418488
1 0.32421875 0.8666667342185974 0.15468750894069672 0.19166667759418488
1 0.05546874925494194 0.5114583373069763 0.10781250149011612 0.21041667461395264
1 0.2867187559604645 0.6770833730697632 0.15468750894069672 0.19166667759418488
1 0.7562500238418579 0.35625001788139343 0.14687500894069672 0.21666668355464935
1 0.807812511920929 0.6072916984558105 0.18437500298023224 0.22708334028720856
1 0.746874988079071 0.8031250238418579 0.18437500298023224 0.22708334028720856
2 0.5679687857627869 0.18645834922790527 0.3734374940395355 0.3687500059604645
