1 0.7421875 0.5406250357627869 0.19375000894069672 0.2395833432674408
1 0.44140625 0.8635417222976685 0.17343750596046448 0.1770833432674408
1 0.13984374701976776 0.10625000298023224 0.17343750596046448 0.20416668057441711
1 0.27734375 0.5937500596046448 0.17343750596046448 0.20416668057441711
1 0.66015625 0.3583333492279053 0.17343750596046448 0.20416668057441711
1 0.08515625447034836 0.40416669845581055 0.16718749701976776 0.2291666716337204
1 0.46953126788139343 0.3583333492279053 0.17343750596046448 0.20416668057441711
1 0.9085937738418579 0.2187500149011612 0.17343750596046448 0.20416668057441711
1 0.7289062738418579 0.08229167014360428 0.1484375 0.16041667759418488
1 0.07265625149011612 0.721875011920929 0.14218750596046448 0.19375000894069672
2 0.49609375 0.6197916865348816 0.19843749701976776 0.3020833432674408
0 0.11640625447034836 0.8354167342185974 0.04218750074505806 0.05833333730697632
0 0.140625 0.9416667222976685 0.04062500223517418 0.0833333358168602
1 0.7421875 0.5406250357627869 0.19375000894069672 0.2395833432674408
1 0.44140625 0.8635417222976685 0.17343750596046448 0.1770833432674408
1 0.13984374701976776 0.10625000298023224 0.17343750596046448 0.20416668057441711
1 0.27734375 0.5937500596046448 0.17343750596046448 0.20416668057441711
1 0.66015625 0.3583333492279053 0.17343750596046448 0.20416668057441711
1 0.08515625447034836 0.40416669845581055 0.16718749701976776 0.2291666716337204
1 0.46953126788139343 0.3583333492279053 0.17343750596046448 0.20416668057441711
1 0.9085937738418579 0.2187500149011612 0.17343750596046448 0.20416668057441711
1 0.7289062738418579 0.08229167014360428 0.1484375 0.16041667759418488
1 0.07265625149011612 0.721875011920929 0.14218750596046448 0.19375000894069672
2 0.49609375 0.6197916865348816 0.19843749701976776 0.3020833432674408
0 0.11640625447034836 0.8354167342185974 0.04218750074505806 0.05833333730697632
0 0.140625 0.9416667222976685 0.04062500223517418 0.0833333358168602
