1 0.36015626788139343 0.6510416865348816 0.20781250298023224 0.21458333730697632
1 0.12734375894069672 0.2447916865348816 0.20781250298023224 0.21458333730697632
1 0.11328125 0.5906250476837158 0.18593750894069672 0.20625001192092896
1 0.4632812440395355 0.1145833358168602 0.1796875 0.21666668355464935
1 0.9234375357627869 0.33645835518836975 0.15312500298023224 0.2187500149011612
1 0.765625 0.7197917103767395 0.15312500298023224 0.2187500149011612
1 0.512499988079071 0.5281250476837158 0.171875 0.23125001788139343
1 0.33203125 0.3958333432674408 0.20156250894069672 0.25416669249534607
1 0.647656261920929 0.23854167759418488 0.16093750298023224 0.18958334624767303
1 0.664843738079071 0.5062500238418579 0.13593749701976776 0.22083334624767303
2 0.5757812857627869 0.8572916984558105 0.37031251192092896 0.28541669249534607
0 0.926562488079071 0.5322917103767395 0.08125000447034836 0.08958333730697632
1 0.36015626788139343 0.6510416865348816 0.20781250298023224 0.21458333730697632
1 0.12734375894069672 0.2447916865348816 0.20781250298023224 0.21458333730697632
1 0.11328125 0.5906250476837158 0.18593750894069672 0.20625001192092896
1 0.4632812440395355 0.1145833358168602 0.1796875 0.21666668355464935
1 0.9234375357627869 0.33645835518836975 0.15312500298023224 0.2187500149011612
1 0.765625 0.7197917103767395 0.15312500298023224 0.2187500149011612
1 0.512499988079071 0.5281250476837158 0.171875 0.23125001788139343
1 0.33203125 0.3958333432674408 0.20156250894069672 0.25416669249534607
1 0.647656261920929 0.23854167759418488 0.16093750298023224 0.18958334624767303
1 0.664843738079071 0.5062500238418579 0.13593749701976776 0.22083334624767303
2 0.5757812857627869 0.8572916984558105 0.37031251192092896 0.28541669249534607
0 0.926562488079071 0.5322917103767395 0.08125000447034836 0.08958333730697632
