1 0.23828125 0.2302083522081375 0.18593750894069672 0.19375000894069672
1 0.07343750447034836 0.14791667461395264 0.14374999701976776 0.2916666865348816
1 0.09765625 0.8854166865348816 0.1484375 0.2083333432674408
1 0.516406238079071 0.5791667103767395 0.20781250298023224 0.2291666716337204
1 0.10468750447034836 0.5395833849906921 0.20624999701976776 0.2291666716337204
1 0.8492187857627869 0.7229167222976685 0.20781250298023224 0.2291666716337204
1 0.737500011920929 0.5395833849906921 0.15625 0.21666668355464935
1 0.7750000357627869 0.8916667103767395 0.15625 0.21666668355464935
1 0.4281249940395355 0.3125000298023224 0.18125000596046448 0.21250000596046448
1 0.26250001788139343 0.7166666984558105 0.18125000596046448 0.21250000596046448
2 0.4976562559604645 0.8239583969116211 0.19218750298023224 0.25208336114883423
1 0.23828125 0.2302083522081375 0.18593750894069672 0.19375000894069672
1 0.07343750447034836 0.14791667461395264 0.14374999701976776 0.2916666865348816
1 0.09765625 0.8854166865348816 0.1484375 0.2083333432674408
1 0.516406238079071 0.5791667103767395 0.20781250298023224 0.2291666716337204
1 0.10468750447034836 0.5395833849906921 0.20624999701976776 0.2291666716337204
1 0.8492187857627869 0.7229167222976685 0.20781250298023224 0.2291666716337204
1 0.737500011920929 0.5395833849906921 0.15625 0.21666668355464935
1 0.7750000357627869 0.8916667103767395 0.15625 0.21666668355464935
1 0.4281249940395355 0.3125000298023224 0.18125000596046448 0.21250000596046448
1 0.26250001788139343 0.7166666984558105 0.18125000596046448 0.21250000596046448
2 0.4976562559604645 0.8239583969116211 0.19218750298023224 0.25208336114883423
