1 0.67578125 0.39791667461395264 0.16718749701976776 0.2291666716337204
1 0.82421875 0.4645833671092987 0.16718749701976776 0.2291666716337204
1 0.6898437738418579 0.7395833730697632 0.16718749701976776 0.2291666716337204
1 0.49921876192092896 0.8041667342185974 0.16718749701976776 0.2291666716337204
1 0.39765626192092896 0.8666667342185974 0.16718749701976776 0.2291666716337204
1 0.125 0.7302083969116211 0.19062499701976776 0.22291667759418488
1 0.667187511920929 0.1510416716337204 0.21250000596046448 0.21458333730697632
1 0.07265625149011612 0.22604167461395264 0.14218750596046448 0.21041667461395264
1 0.44843751192092896 0.17604167759418488 0.21250000596046448 0.21458333730697632
1 0.2914062440395355 0.7000000476837158 0.16718749701976776 0.2291666716337204
1 0.8726562857627869 0.7979167103767395 0.16718749701976776 0.2291666716337204
1 0.844531238079071 0.11041667312383652 0.16718749701976776 0.21666668355464935
1 0.11640625447034836 0.9229167103767395 0.19843749701976776 0.15416666865348816
2 0.41484376788139343 0.46145835518836975 0.28593751788139343 0.3812500238418579
1 0.67578125 0.39791667461395264 0.16718749701976776 0.2291666716337204
1 0.82421875 0.4645833671092987 0.16718749701976776 0.2291666716337204
1 0.6898437738418579 0.7395833730697632 0.16718749701976776 0.2291666716337204
1 0.49921876192092896 0.8041667342185974 0.16718749701976776 0.2291666716337204
1 0.39765626192092896 0.8666667342185974 0.16718749701976776 0.2291666716337204
1 0.125 0.7302083969116211 0.19062499701976776 0.22291667759418488
1 0.667187511920929 0.1510416716337204 0.21250000596046448 0.21458333730697632
1 0.07265625149011612 0.22604167461395264 0.14218750596046448 0.21041667461395264
1 0.44843751192092896 0.17604167759418488 0.21250000596046448 0.21458333730697632
1 0.2914062440395355 0.7000000476837158 0.16718749701976776 0.2291666716337204
1 0.8726562857627869 0.7979167103767395 0.16718749701976776 0.2291666716337204
1 0.844531238079071 0.11041667312383652 0.16718749701976776 0.21666668355464935
1 0.11640625447034836 0.9229167103767395 0.19843749701976776 0.15416666865348816
2 0.41484376788139343 0.46145835518836975 0.28593751788139343 0.3812500238418579
