2 0.375 0.41354167461395264 0.27812501788139343 0.33541667461395264
1 0.2835937440395355 0.7947916984558105 0.18906250596046448 0.24375000596046448
1 0.5796875357627869 0.3656250238418579 0.14687500894069672 0.25208336114883423
1 0.7750000357627869 0.8031250238418579 0.14374999701976776 0.23541668057441711
1 0.739062488079071 0.8760417103767395 0.14374999701976776 0.23541668057441711
1 0.45000001788139343 0.8145833611488342 0.18125000596046448 0.24166667461395264
1 0.7789062857627869 0.26979169249534607 0.15781250596046448 0.16041667759418488
1 0.9453125 0.721875011920929 0.109375 0.23541668057441711
1 0.90625 0.25312501192092896 0.17812500894069672 0.2187500149011612
1 0.61328125 0.5791667103767395 0.18281249701976776 0.2458333522081375
1 0.79296875 0.5958333611488342 0.18281249701976776 0.2458333522081375
1 0.17656250298023224 0.4489583671092987 0.14687500894069672 0.25208336114883423
0 0.17656250298023224 0.7208333611488342 0.05000000074505806 0.07916667312383652
2 0.375 0.41354167461395264 0.27812501788139343 0.33541667461395264
1 0.2835937440395355 0.7947916984558105 0.18906250596046448 0.24375000596046448
1 0.5796875357627869 0.3656250238418579 0.14687500894069672 0.25208336114883423
1 0.7750000357627869 0.8031250238418579 0.14374999701976776 0.23541668057441711
1 0.739062488079071 0.8760417103767395 0.14374999701976776 0.23541668057441711
1 0.45000001788139343 0.8145833611488342 0.18125000596046448 0.24166667461395264
1 0.7789062857627869 0.26979169249534607 0.15781250596046448 0.16041667759418488
1 0.9453125 0.721875011920929 0.109375 0.23541668057441711
1 0.90625 0.25312501192092896 0.17812500894069672 0.2187500149011612
1 0.61328125 0.5791667103767395 0.18281249701976776 0.2458333522081375
1 0.79296875 0.5958333611488342 0.18281249701976776 0.2458333522081375
1 0.17656250298023224 0.4489583671092987 0.14687500894069672 0.25208336114883423
0 0.17656250298023224 0.7208333611488342 0.05000000074505806 0.07916667312383652
