1 0.503125011920929 0.5072916746139526 0.13750000298023224 0.1979166716337204
1 0.629687488079071 0.596875011920929 0.13750000298023224 0.1979166716337204
1 0.885937511920929 0.3281250298023224 0.13750000298023224 0.1979166716337204
1 0.79296875 0.5281250476837158 0.18906250596046448 0.23125001788139343
1 0.3804687559604645 0.3135416805744171 0.18906250596046448 0.23125001788139343
1 0.3375000059604645 0.5291666984558105 0.16250000894069672 0.22083334624767303
1 0.37968751788139343 0.11041667312383652 0.16250000894069672 0.21666668355464935
1 0.22187499701976776 0.46666669845581055 0.16250000894069672 0.22083334624767303
1 0.856249988079071 0.7437500357627869 0.16250000894069672 0.22083334624767303
1 0.504687488079071 0.8145833611488342 0.16250000894069672 0.22083334624767303
1 0.3265624940395355 0.8812500238418579 0.16250000894069672 0.22083334624767303
1 0.08203125 0.7583333849906921 0.16093750298023224 0.22083334624767303
1 0.24375000596046448 0.7041667103767395 0.16250000894069672 0.22083334624767303
2 0.645312488079071 0.23645834624767303 0.3375000059604645 0.41875001788139343
0 0.9546875357627869 0.6156250238418579 0.05937499925494194 0.07708333432674408
1 0.503125011920929 0.5072916746139526 0.13750000298023224 0.1979166716337204
1 0.629687488079071 0.596875011920929 0.13750000298023224 0.1979166716337204
1 0.885937511920929 0.3281250298023224 0.13750000298023224 0.1979166716337204
1 0.79296875 0.5281250476837158 0.18906250596046448 0.23125001788139343
1 0.3804687559604645 0.3135416805744171 0.18906250596046448 0.23125001788139343
1 0.3375000059604645 0.5291666984558105 0.16250000894069672 0.22083334624767303
1 0.37968751788139343 0.11041667312383652 0.16250000894069672 0.21666668355464935
1 0.22187499701976776 0.46666669845581055 0.16250000894069672 0.22083334624767303
1 0.856249988079071 0.7437500357627869 0.16250000894069672 0.22083334624767303
1 0.504687488079071 0.8145833611488342 0.16250000894069672 0.22083334624767303
1 0.3265624940395355 0.8812500238418579 0.16250000894069672 0.22083334624767303
1 0.08203125 0.7583333849906921 0.16093750298023224 0.22083334624767303
1 0.24375000596046448 0.7041667103767395 0.16250000894069672 0.22083334624767303
2 0.645312488079071 0.23645834624767303 0.3375000059604645 0.41875001788139343
0 0.9546875357627869 0.6156250238418579 0.05937499925494194 0.07708333432674408
