1 0.22968749701976776 0.6833333969116211 0.15937499701976776 0.20416668057441711
1 0.3101562559604645 0.11354167014360428 0.17343750596046448 0.22291667759418488
1 0.4632812440395355 0.0885416716337204 0.17343750596046448 0.17291668057441711
1 0.6703125238418579 0.08125000447034836 0.17812500894069672 0.15833334624767303
1 0.09765625 0.4281250238418579 0.1484375 0.1770833432674408
1 0.6429687738418579 0.7250000238418579 0.15468750894069672 0.2083333432674408
1 0.49296876788139343 0.7708333730697632 0.15468750894069672 0.2083333432674408
1 0.11093749850988388 0.9104167222976685 0.13750000298023224 0.17916667461395264
1 0.37890625 0.4645833671092987 0.20468750596046448 0.26250001788139343
1 0.5953125357627869 0.9114583730697632 0.15312500298023224 0.1770833432674408
1 0.703125 0.9114583730697632 0.15312500298023224 0.1770833432674408
1 0.7578125 0.5572916865348816 0.15312500298023224 0.1770833432674408
1 0.875 0.07395833730697632 0.21250000596046448 0.14375001192092896
2 0.561718761920929 0.3395833373069763 0.3609375059604645 0.3500000238418579
0 0.21796874701976776 0.0677083358168602 0.0546875 0.08125000447034836
1 0.22968749701976776 0.6833333969116211 0.15937499701976776 0.20416668057441711
1 0.3101562559604645 0.11354167014360428 0.17343750596046448 0.22291667759418488
1 0.4632812440395355 0.0885416716337204 0.17343750596046448 0.17291668057441711
1 0.6703125238418579 0.08125000447034836 0.17812500894069672 0.15833334624767303
1 0.09765625 0.4281250238418579 0.1484375 0.1770833432674408
1 0.6429687738418579 0.7250000238418579 0.15468750894069672 0.2083333432674408
1 0.49296876788139343 0.7708333730697632 0.15468750894069672 0.2083333432674408
1 0.11093749850988388 0.9104167222976685 0.13750000298023224 0.17916667461395264
1 0.37890625 0.4645833671092987 0.20468750596046448 0.26250001788139343
1 0.5953125357627869 0.9114583730697632 0.15312500298023224 0.1770833432674408
1 0.703125 0.9114583730697632 0.15312500298023224 0.1770833432674408
1 0.7578125 0.5572916865348816 0.15312500298023224 0.1770833432674408
1 0.875 0.07395833730697632 0.21250000596046448 0.14375001192092896
2 0.561718761920929 0.3395833373069763 0.3609375059604645 0.3500000238418579
0 0.21796874701976776 0.0677083358168602 0.0546875 0.08125000447034836
