1 0.1796875 0.8447917103767395 0.15000000596046448 0.19375000894069672
1 0.604687511920929 0.9031250476837158 0.15000000596046448 0.19375000894069672
1 0.7242187857627869 0.7812500596046448 0.17656250298023224 0.19583334028720856
1 0.7718750238418579 0.5729166865348816 0.15625 0.19166667759418488
1 0.7359375357627869 0.36354169249534607 0.15937499701976776 0.20208334922790527
1 0.6187500357627869 0.5250000357627869 0.13750000298023224 0.2083333432674408
1 0.2710937559604645 0.31562501192092896 0.17031250894069672 0.1979166716337204
1 0.538281261920929 0.27291667461395264 0.1796875 0.23750001192092896
1 0.16015625 0.140625 0.17343750596046448 0.23125001788139343
1 0.3851562440395355 0.11666667461395264 0.19218750298023224 0.2291666716337204
1 0.15234375 0.47187501192092896 0.17031250894069672 0.1979166716337204
1 0.0859375 0.5531250238418579 0.16875000298023224 0.1979166716337204
1 0.41328126192092896 0.4541666805744171 0.17656250298023224 0.21666668355464935
1 0.8382812738418579 0.16250000894069672 0.1796875 0.23750001192092896
1 0.9085937738418579 0.4177083671092987 0.1640625 0.22291667759418488
1 0.90234375 0.8885416984558105 0.1640625 0.22291667759418488
1 0.9312500357627869 0.628125011920929 0.13750000298023224 0.21041667461395264
1 0.5562500357627869 0.0833333358168602 0.15937499701976776 0.16250000894069672
2 0.4085937440395355 0.7677083611488342 0.33906251192092896 0.43958336114883423
1 0.1796875 0.8447917103767395 0.15000000596046448 0.19375000894069672
1 0.604687511920929 0.9031250476837158 0.15000000596046448 0.19375000894069672
1 0.7242187857627869 0.7812500596046448 0.17656250298023224 0.19583334028720856
1 0.7718750238418579 0.5729166865348816 0.15625 0.19166667759418488
1 0.7359375357627869 0.36354169249534607 0.15937499701976776 0.20208334922790527
1 0.6187500357627869 0.5250000357627869 0.13750000298023224 0.2083333432674408
1 0.2710937559604645 0.31562501192092896 0.17031250894069672 0.1979166716337204
1 0.538281261920929 0.27291667461395264 0.1796875 0.23750001192092896
1 0.16015625 0.140625 0.17343750596046448 0.23125001788139343
1 0.3851562440395355 0.11666667461395264 0.19218750298023224 0.2291666716337204
1 0.15234375 0.47187501192092896 0.17031250894069672 0.1979166716337204
1 0.0859375 0.5531250238418579 0.16875000298023224 0.1979166716337204
1 0.41328126192092896 0.4541666805744171 0.17656250298023224 0.21666668355464935
1 0.8382812738418579 0.16250000894069672 0.1796875 0.23750001192092896
1 0.9085937738418579 0.4177083671092987 0.1640625 0.22291667759418488
1 0.90234375 0.8885416984558105 0.1640625 0.22291667759418488
1 0.9312500357627869 0.628125011920929 0.13750000298023224 0.21041667461395264
1 0.5562500357627869 0.0833333358168602 0.15937499701976776 0.16250000894069672
2 0.4085937440395355 0.7677083611488342 0.33906251192092896 0.43958336114883423
