2 0.610156238079071 0.13437500596046448 0.2515625059604645 0.2645833492279053
1 0.21953125298023224 0.3072916865348816 0.16093750298023224 0.24375000596046448
1 0.4945312440395355 0.3593750298023224 0.16093750298023224 0.24375000596046448
1 0.3890624940395355 0.5145833492279053 0.14374999701976776 0.2958333492279053
1 0.24453125894069672 0.5218750238418579 0.1484375 0.23125001788139343
1 0.6851562857627869 0.3593750298023224 0.1484375 0.23125001788139343
1 0.6617187857627869 0.6364583373069763 0.1484375 0.23125001788139343
1 0.5726562738418579 0.8687500357627869 0.1640625 0.25
1 0.13046875596046448 0.7677083611488342 0.18281249701976776 0.24791668355464935
1 0.860156238079071 0.10208334028720856 0.16718749701976776 0.20000001788139343
1 0.9515625238418579 0.40833336114883423 0.09687500447034836 0.21666668355464935
1 0.9453125 0.6687500476837158 0.109375 0.2875000238418579
1 0.8453125357627869 0.7833333611488342 0.14687500894069672 0.21250000596046448
1 0.715624988079071 0.8239583969116211 0.18437500298023224 0.2562500238418579
1 0.09531249850988388 0.6020833849906921 0.13125000894069672 0.2291666716337204
1 0.836718738079071 0.5302083492279053 0.16093750298023224 0.24375000596046448
2 0.610156238079071 0.13437500596046448 0.2515625059604645 0.2645833492279053
1 0.21953125298023224 0.3072916865348816 0.16093750298023224 0.24375000596046448
1 0.4945312440395355 0.3593750298023224 0.16093750298023224 0.24375000596046448
1 0.3890624940395355 0.5145833492279053 0.14374999701976776 0.2958333492279053
1 0.24453125894069672 0.5218750238418579 0.1484375 0.23125001788139343
1 0.6851562857627869 0.3593750298023224 0.1484375 0.23125001788139343
1 0.6617187857627869 0.6364583373069763 0.1484375 0.23125001788139343
1 0.5726562738418579 0.8687500357627869 0.1640625 0.25
1 0.13046875596046448 0.7677083611488342 0.18281249701976776 0.24791668355464935
1 0.860156238079071 0.10208334028720856 0.16718749701976776 0.20000001788139343
1 0.9515625238418579 0.40833336114883423 0.09687500447034836 0.21666668355464935
1 0.9453125 0.6687500476837158 0.109375 0.2875000238418579
1 0.8453125357627869 0.7833333611488342 0.14687500894069672 0.21250000596046448
1 0.715624988079071 0.8239583969116211 0.18437500298023224 0.2562500238418579
1 0.09531249850988388 0.6020833849906921 0.13125000894069672 0.2291666716337204
1 0.836718738079071 0.5302083492279053 0.16093750298023224 0.24375000596046448
