1 0.749218761920929 0.49375003576278687 0.18281249701976776 0.21666668355464935
1 0.32421875 0.5395833849906921 0.18281249701976776 0.21666668355464935
1 0.19921875 0.3895833492279053 0.12968750298023224 0.18333333730697632
1 0.23984375596046448 0.16041667759418488 0.17343750596046448 0.25
1 0.08437500149011612 0.1145833358168602 0.16562500596046448 0.22500000894069672
1 0.10546875 0.6375000476837158 0.1796875 0.23333334922790527
1 0.09062500298023224 0.8822917342185974 0.17812500894069672 0.23541668057441711
1 0.27812501788139343 0.7781250476837158 0.15312500298023224 0.20625001192092896
1 0.5445312857627869 0.5479167103767395 0.18281249701976776 0.21666668355464935
1 0.8492187857627869 0.1093750074505806 0.18281249701976776 0.21458333730697632
1 0.6640625 0.0833333358168602 0.17812500894069672 0.16250000894069672
1 0.760937511920929 0.8000000715255737 0.15937499701976776 0.21666668355464935
1 0.9429687857627869 0.7322916984558105 0.11406250298023224 0.2187500149011612
1 0.51171875 0.33541667461395264 0.1953125 0.2458333522081375
2 0.516406238079071 0.8156250715255737 0.3515625 0.3687500059604645
0 0.33671876788139343 0.23541668057441711 0.09218750149011612 0.11666667461395264
0 0.36250001192092896 0.0572916679084301 0.08125000447034836 0.11041667312383652
0 0.02187499962747097 0.7520833611488342 0.04062500223517418 0.07916667312383652
1 0.749218761920929 0.49375003576278687 0.18281249701976776 0.21666668355464935
1 0.32421875 0.5395833849906921 0.18281249701976776 0.21666668355464935
1 0.19921875 0.3895833492279053 0.12968750298023224 0.18333333730697632
1 0.23984375596046448 0.16041667759418488 0.17343750596046448 0.25
1 0.08437500149011612 0.1145833358168602 0.16562500596046448 0.22500000894069672
1 0.10546875 0.6375000476837158 0.1796875 0.23333334922790527
1 0.09062500298023224 0.8822917342185974 0.17812500894069672 0.23541668057441711
1 0.27812501788139343 0.7781250476837158 0.15312500298023224 0.20625001192092896
1 0.5445312857627869 0.5479167103767395 0.18281249701976776 0.21666668355464935
1 0.8492187857627869 0.1093750074505806 0.18281249701976776 0.21458333730697632
1 0.6640625 0.0833333358168602 0.17812500894069672 0.16250000894069672
1 0.760937511920929 0.8000000715255737 0.15937499701976776 0.21666668355464935
1 0.9429687857627869 0.7322916984558105 0.11406250298023224 0.2187500149011612
1 0.51171875 0.33541667461395264 0.1953125 0.2458333522081375
2 0.516406238079071 0.8156250715255737 0.3515625 0.3687500059604645
0 0.33671876788139343 0.23541668057441711 0.09218750149011612 0.11666667461395264
0 0.36250001192092896 0.0572916679084301 0.08125000447034836 0.11041667312383652
0 0.02187499962747097 0.7520833611488342 0.04062500223517418 0.07916667312383652
