1 0.39531251788139343 0.7302083969116211 0.21250000596046448 0.22291667759418488
1 0.547656238079071 0.8770833611488342 0.14218750596046448 0.21250000596046448
1 0.827343761920929 0.8468750715255737 0.1640625 0.2187500149011612
1 0.6695312857627869 0.7489583492279053 0.1640625 0.2187500149011612
1 0.694531261920929 0.5427083373069763 0.1640625 0.2187500149011612
1 0.5640625357627869 0.2031250149011612 0.18437500298023224 0.22291667759418488
1 0.3812499940395355 0.3531250059604645 0.18437500298023224 0.2562500238418579
1 0.671875 0.3916666805744171 0.17812500894069672 0.2291666716337204
1 0.37109375 0.1145833358168602 0.18906250596046448 0.22500000894069672
1 0.18437500298023224 0.1145833358168602 0.20624999701976776 0.13750000298023224
1 0.9140625 0.22083334624767303 0.171875 0.17083334922790527
1 0.9242187738418579 0.3437500298023224 0.15156249701976776 0.20416668057441711
1 0.8570312857627869 0.07083334028720856 0.1484375 0.13750000298023224
1 0.6585937738418579 0.07083334028720856 0.1484375 0.13750000298023224
2 0.15078125894069672 0.5510417222976685 0.2984375059604645 0.4229166805744171
0 0.28593751788139343 0.7125000357627869 0.06875000149011612 0.09166666865348816
1 0.39531251788139343 0.7302083969116211 0.21250000596046448 0.22291667759418488
1 0.547656238079071 0.8770833611488342 0.14218750596046448 0.21250000596046448
1 0.827343761920929 0.8468750715255737 0.1640625 0.2187500149011612
1 0.6695312857627869 0.7489583492279053 0.1640625 0.2187500149011612
1 0.694531261920929 0.5427083373069763 0.1640625 0.2187500149011612
1 0.5640625357627869 0.2031250149011612 0.18437500298023224 0.22291667759418488
1 0.3812499940395355 0.3531250059604645 0.18437500298023224 0.2562500238418579
1 0.671875 0.3916666805744171 0.17812500894069672 0.2291666716337204
1 0.37109375 0.1145833358168602 0.18906250596046448 0.22500000894069672
1 0.18437500298023224 0.1145833358168602 0.20624999701976776 0.13750000298023224
1 0.9140625 0.22083334624767303 0.171875 0.17083334922790527
1 0.9242187738418579 0.3437500298023224 0.15156249701976776 0.20416668057441711
1 0.8570312857627869 0.07083334028720856 0.1484375 0.13750000298023224
1 0.6585937738418579 0.07083334028720856 0.1484375 0.13750000298023224
2 0.15078125894069672 0.5510417222976685 0.2984375059604645 0.4229166805744171
0 0.28593751788139343 0.7125000357627869 0.06875000149011612 0.09166666865348816
