1 0.859375 0.29895836114883423 0.171875 0.18125000596046448
1 0.7210937738418579 0.27812501788139343 0.17031250894069672 0.18958334624767303
1 0.637499988079071 0.5229166746139526 0.17812500894069672 0.23333334922790527
1 0.6656250357627869 0.9020833969116211 0.16562500596046448 0.19583334028720856
1 0.28125 0.09791667014360428 0.16562500596046448 0.19166667759418488
1 0.5453125238418579 0.2760416865348816 0.16562500596046448 0.19375000894069672
1 0.28437501192092896 0.8197917342185974 0.16562500596046448 0.19375000894069672
2 0.3812499940395355 0.5750000476837158 0.16250000894069672 0.22083334624767303
1 0.859375 0.29895836114883423 0.171875 0.18125000596046448
1 0.7210937738418579 0.27812501788139343 0.17031250894069672 0.18958334624767303
1 0.637499988079071 0.5229166746139526 0.17812500894069672 0.23333334922790527
1 0.6656250357627869 0.9020833969116211 0.16562500596046448 0.19583334028720856
1 0.28125 0.09791667014360428 0.16562500596046448 0.19166667759418488
1 0.5453125238418579 0.2760416865348816 0.16562500596046448 0.19375000894069672
1 0.28437501192092896 0.8197917342185974 0.16562500596046448 0.19375000894069672
2 0.3812499940395355 0.5750000476837158 0.16250000894069672 0.22083334624767303
