1 0.4390625059604645 0.8125000596046448 0.13750000298023224 0.19166667759418488
1 0.30000001192092896 0.4645833671092987 0.13750000298023224 0.19166667759418488
1 0.8375000357627869 0.8416666984558105 0.19062499701976776 0.25416669249534607
1 0.48515626788139343 0.5687500238418579 0.13593749701976776 0.21666668355464935
1 0.13906250894069672 0.2239583432674408 0.14687500894069672 0.18541668355464935
2 0.655468761920929 0.6072916984558105 0.2515625059604645 0.3020833432674408
0 0.4164062440395355 0.20520834624767303 0.05156249925494194 0.07708333432674408
1 0.4390625059604645 0.8125000596046448 0.13750000298023224 0.19166667759418488
1 0.30000001192092896 0.4645833671092987 0.13750000298023224 0.19166667759418488
1 0.8375000357627869 0.8416666984558105 0.19062499701976776 0.25416669249534607
1 0.48515626788139343 0.5687500238418579 0.13593749701976776 0.21666668355464935
1 0.13906250894069672 0.2239583432674408 0.14687500894069672 0.18541668355464935
2 0.655468761920929 0.6072916984558105 0.2515625059604645 0.3020833432674408
0 0.4164062440395355 0.20520834624767303 0.05156249925494194 0.07708333432674408
