1 0.68359375 0.6677083969116211 0.17656250298023224 0.19375000894069672
1 0.772656261920929 0.4479166865348816 0.18593750894069672 0.2458333522081375
1 0.6265625357627869 0.3125000298023224 0.16875000298023224 0.22500000894069672
1 0.5218750238418579 0.40937501192092896 0.16250000894069672 0.19375000894069672
1 0.6171875 0.09791667014360428 0.16250000894069672 0.19166667759418488
1 0.641406238079071 0.8947917222976685 0.17343750596046448 0.21041667461395264
1 0.4296875 0.9239583611488342 0.171875 0.15208333730697632
1 0.7875000238418579 0.11250000447034836 0.17499999701976776 0.22083334624767303
1 0.9273437857627869 0.8083333969116211 0.14531250298023224 0.22500000894069672
1 0.34296876192092896 0.24375000596046448 0.14531250298023224 0.22500000894069672
1 0.15703125298023224 0.2645833492279053 0.14531250298023224 0.22500000894069672
1 0.08828125149011612 0.3750000298023224 0.14531250298023224 0.22500000894069672
2 0.22109375894069672 0.6562500596046448 0.35468751192092896 0.38333335518836975
1 0.68359375 0.6677083969116211 0.17656250298023224 0.19375000894069672
1 0.772656261920929 0.4479166865348816 0.18593750894069672 0.2458333522081375
1 0.6265625357627869 0.3125000298023224 0.16875000298023224 0.22500000894069672
1 0.5218750238418579 0.40937501192092896 0.16250000894069672 0.19375000894069672
1 0.6171875 0.09791667014360428 0.16250000894069672 0.19166667759418488
1 0.641406238079071 0.8947917222976685 0.17343750596046448 0.21041667461395264
1 0.4296875 0.9239583611488342 0.171875 0.15208333730697632
1 0.7875000238418579 0.11250000447034836 0.17499999701976776 0.22083334624767303
1 0.9273437857627869 0.8083333969116211 0.14531250298023224 0.22500000894069672
1 0.34296876192092896 0.24375000596046448 0.14531250298023224 0.22500000894069672
1 0.15703125298023224 0.2645833492279053 0.14531250298023224 0.22500000894069672
1 0.08828125149011612 0.3750000298023224 0.14531250298023224 0.22500000894069672
2 0.22109375894069672 0.6562500596046448 0.35468751192092896 0.38333335518836975
