1 0.49140626192092896 0.7770833969116211 0.17343750596046448 0.23333334922790527
1 0.25703126192092896 0.8302083611488342 0.21718750894069672 0.23125001788139343
1 0.4937500059604645 0.21562501788139343 0.17812500894069672 0.19375000894069672
1 0.936718761920929 0.09166666865348816 0.12656250596046448 0.17916667461395264
1 0.760937511920929 0.12083333730697632 0.16875000298023224 0.23750001192092896
1 0.9320312738418579 0.3802083432674408 0.13593749701976776 0.28125
1 0.764843761920929 0.7010416984558105 0.13593749701976776 0.28125
1 0.680468738079071 0.4010416865348816 0.13593749701976776 0.28125
1 0.09375 0.28333336114883423 0.18437500298023224 0.2666666805744171
1 0.913281261920929 0.6958333849906921 0.17343750596046448 0.23333334922790527
2 0.2718749940395355 0.1614583432674408 0.21250000596046448 0.27291667461395264
0 0.5296875238418579 0.3333333432674408 0.07187499850988388 0.0833333358168602
0 0.589062511920929 0.4895833730697632 0.07187499850988388 0.0833333358168602
1 0.19609375298023224 0.5770833492279053 0.17343750596046448 0.23333334922790527
1 0.49140626192092896 0.7770833969116211 0.17343750596046448 0.23333334922790527
1 0.25703126192092896 0.8302083611488342 0.21718750894069672 0.23125001788139343
1 0.4937500059604645 0.21562501788139343 0.17812500894069672 0.19375000894069672
1 0.936718761920929 0.09166666865348816 0.12656250596046448 0.17916667461395264
1 0.760937511920929 0.12083333730697632 0.16875000298023224 0.23750001192092896
1 0.9320312738418579 0.3802083432674408 0.13593749701976776 0.28125
1 0.764843761920929 0.7010416984558105 0.13593749701976776 0.28125
1 0.680468738079071 0.4010416865348816 0.13593749701976776 0.28125
1 0.09375 0.28333336114883423 0.18437500298023224 0.2666666805744171
1 0.913281261920929 0.6958333849906921 0.17343750596046448 0.23333334922790527
2 0.2718749940395355 0.1614583432674408 0.21250000596046448 0.27291667461395264
0 0.5296875238418579 0.3333333432674408 0.07187499850988388 0.0833333358168602
0 0.589062511920929 0.4895833730697632 0.07187499850988388 0.0833333358168602
1 0.19609375298023224 0.5770833492279053 0.17343750596046448 0.23333334922790527
