2 0.3460937440395355 0.2864583432674408 0.19843749701976776 0.25208336114883423
1 0.45000001788139343 0.6802083849906921 0.171875 0.2187500149011612
1 0.535937488079071 0.24687501788139343 0.171875 0.2187500149011612
1 0.6265625357627869 0.6208333373069763 0.140625 0.19583334028720856
1 0.78125 0.7125000357627869 0.140625 0.19583334028720856
1 0.7250000238418579 0.7479166984558105 0.140625 0.19583334028720856
1 0.616406261920929 0.8739583492279053 0.1953125 0.22708334028720856
1 0.38750001788139343 0.5520833730697632 0.15312500298023224 0.18333333730697632
1 0.23515625298023224 0.7916666865348816 0.20156250894069672 0.23750001192092896
1 0.1640625 0.09687500447034836 0.171875 0.18958334624767303
1 0.3492187559604645 0.11666667461395264 0.15468750894069672 0.1666666716337204
1 0.7210937738418579 0.0937500074505806 0.17343750596046448 0.18333333730697632
1 0.89453125 0.3760416805744171 0.17343750596046448 0.18541668355464935
1 0.9007812738418579 0.503125011920929 0.17343750596046448 0.18541668355464935
1 0.926562488079071 0.6177083849906921 0.14687500894069672 0.20208334922790527
1 0.7984375357627869 0.3114583492279053 0.14687500894069672 0.20208334922790527
1 0.715624988079071 0.23645834624767303 0.14687500894069672 0.20208334922790527
1 0.731249988079071 0.3802083432674408 0.14687500894069672 0.20208334922790527
1 0.731249988079071 0.4333333671092987 0.16250000894069672 0.2083333432674408
1 0.692187488079071 0.4375000298023224 0.16250000894069672 0.2083333432674408
1 0.628125011920929 0.4833333492279053 0.16250000894069672 0.2083333432674408
1 0.17343750596046448 0.6041666865348816 0.19062499701976776 0.21666668355464935
1 0.807812511920929 0.9250000715255737 0.19687500596046448 0.15000000596046448
1 0.0703125 0.8812500238418579 0.13750000298023224 0.23750001192092896
0 0.18906250596046448 0.2666666805744171 0.05937499925494194 0.09583333879709244
2 0.3460937440395355 0.2864583432674408 0.19843749701976776 0.25208336114883423
1 0.45000001788139343 0.6802083849906921 0.171875 0.2187500149011612
1 0.535937488079071 0.24687501788139343 0.171875 0.2187500149011612
1 0.6265625357627869 0.6208333373069763 0.140625 0.19583334028720856
1 0.78125 0.7125000357627869 0.140625 0.19583334028720856
1 0.7250000238418579 0.7479166984558105 0.140625 0.19583334028720856
1 0.616406261920929 0.8739583492279053 0.1953125 0.22708334028720856
1 0.38750001788139343 0.5520833730697632 0.15312500298023224 0.18333333730697632
1 0.23515625298023224 0.7916666865348816 0.20156250894069672 0.23750001192092896
1 0.1640625 0.09687500447034836 0.171875 0.18958334624767303
1 0.3492187559604645 0.11666667461395264 0.15468750894069672 0.1666666716337204
1 0.7210937738418579 0.0937500074505806 0.17343750596046448 0.18333333730697632
1 0.89453125 0.3760416805744171 0.17343750596046448 0.18541668355464935
1 0.9007812738418579 0.503125011920929 0.17343750596046448 0.18541668355464935
1 0.926562488079071 0.6177083849906921 0.14687500894069672 0.20208334922790527
1 0.7984375357627869 0.3114583492279053 0.14687500894069672 0.20208334922790527
1 0.715624988079071 0.23645834624767303 0.14687500894069672 0.20208334922790527
1 0.731249988079071 0.3802083432674408 0.14687500894069672 0.20208334922790527
1 0.731249988079071 0.4333333671092987 0.16250000894069672 0.2083333432674408
1 0.692187488079071 0.4375000298023224 0.16250000894069672 0.2083333432674408
1 0.628125011920929 0.4833333492279053 0.16250000894069672 0.2083333432674408
1 0.17343750596046448 0.6041666865348816 0.19062499701976776 0.21666668355464935
1 0.807812511920929 0.9250000715255737 0.19687500596046448 0.15000000596046448
1 0.0703125 0.8812500238418579 0.13750000298023224 0.23750001192092896
0 0.18906250596046448 0.2666666805744171 0.05937499925494194 0.09583333879709244
