1 0.600781261920929 0.1197916716337204 0.17031250894069672 0.1770833432674408
1 0.4476562440395355 0.15729168057441711 0.15781250596046448 0.23125001788139343
1 0.565625011920929 0.581250011920929 0.13437500596046448 0.20000001788139343
1 0.844531238079071 0.42500001192092896 0.16718749701976776 0.25416669249534607
1 0.504687488079071 0.9239583611488342 0.13437500596046448 0.15208333730697632
1 0.3968749940395355 0.9239583611488342 0.13437500596046448 0.15208333730697632
1 0.93359375 0.7489583492279053 0.1328125 0.23125001788139343
1 0.7515625357627869 0.6989583969116211 0.18437500298023224 0.2187500149011612
1 0.20546875894069672 0.08958333730697632 0.17031250894069672 0.17500001192092896
1 0.12656250596046448 0.12187500298023224 0.140625 0.19375000894069672
2 0.3343749940395355 0.40833336114883423 0.19062499701976776 0.25833335518836975
0 0.96484375 0.2614583373069763 0.05156249925494194 0.08541667461395264
0 0.9828125238418579 0.36354169249534607 0.03437500074505806 0.08541667461395264
0 0.8617187738418579 0.8364583849906921 0.05156249925494194 0.08541667461395264
1 0.600781261920929 0.1197916716337204 0.17031250894069672 0.1770833432674408
1 0.4476562440395355 0.15729168057441711 0.15781250596046448 0.23125001788139343
1 0.565625011920929 0.581250011920929 0.13437500596046448 0.20000001788139343
1 0.844531238079071 0.42500001192092896 0.16718749701976776 0.25416669249534607
1 0.504687488079071 0.9239583611488342 0.13437500596046448 0.15208333730697632
1 0.3968749940395355 0.9239583611488342 0.13437500596046448 0.15208333730697632
1 0.93359375 0.7489583492279053 0.1328125 0.23125001788139343
1 0.7515625357627869 0.6989583969116211 0.18437500298023224 0.2187500149011612
1 0.20546875894069672 0.08958333730697632 0.17031250894069672 0.17500001192092896
1 0.12656250596046448 0.12187500298023224 0.140625 0.19375000894069672
2 0.3343749940395355 0.40833336114883423 0.19062499701976776 0.25833335518836975
0 0.96484375 0.2614583373069763 0.05156249925494194 0.08541667461395264
0 0.9828125238418579 0.36354169249534607 0.03437500074505806 0.08541667461395264
0 0.8617187738418579 0.8364583849906921 0.05156249925494194 0.08541667461395264
