1 0.762499988079071 0.41458335518836975 0.13125000894069672 0.23333334922790527
1 0.7593750357627869 0.7145833969116211 0.13125000894069672 0.23333334922790527
1 0.9156250357627869 0.28333336114883423 0.13125000894069672 0.23333334922790527
1 0.7718750238418579 0.11875000596046448 0.15312500298023224 0.23333334922790527
1 0.38203126192092896 0.17500001192092896 0.18281249701976776 0.1875000149011612
1 0.19843749701976776 0.8666667342185974 0.17499999701976776 0.19583334028720856
1 0.13203124701976776 0.32604169845581055 0.2109375 0.17291668057441711
1 0.6031250357627869 0.3291666805744171 0.15625 0.23333334922790527
1 0.62890625 0.476041704416275 0.17031250894069672 0.20208334922790527
2 0.48906251788139343 0.6760417222976685 0.4000000059604645 0.4645833671092987
1 0.762499988079071 0.41458335518836975 0.13125000894069672 0.23333334922790527
1 0.7593750357627869 0.7145833969116211 0.13125000894069672 0.23333334922790527
1 0.9156250357627869 0.28333336114883423 0.13125000894069672 0.23333334922790527
1 0.7718750238418579 0.11875000596046448 0.15312500298023224 0.23333334922790527
1 0.38203126192092896 0.17500001192092896 0.18281249701976776 0.1875000149011612
1 0.19843749701976776 0.8666667342185974 0.17499999701976776 0.19583334028720856
1 0.13203124701976776 0.32604169845581055 0.2109375 0.17291668057441711
1 0.6031250357627869 0.3291666805744171 0.15625 0.23333334922790527
1 0.62890625 0.476041704416275 0.17031250894069672 0.20208334922790527
2 0.48906251788139343 0.6760417222976685 0.4000000059604645 0.4645833671092987
