1 0.5531250238418579 0.11354167014360428 0.16250000894069672 0.18958334624767303
1 0.11250000447034836 0.5729166865348816 0.18437500298023224 0.25833335518836975
1 0.16328124701976776 0.8229166865348816 0.13906250894069672 0.23750001192092896
1 0.0703125 0.8645833730697632 0.13750000298023224 0.23750001192092896
1 0.34687501192092896 0.4270833432674408 0.16562500596046448 0.20000001788139343
1 0.6890625357627869 0.3812500238418579 0.16562500596046448 0.20000001788139343
1 0.86328125 0.7593750357627869 0.16093750298023224 0.21458333730697632
1 0.4664062559604645 0.5229166746139526 0.15156249701976776 0.19583334028720856
1 0.16718749701976776 0.15937501192092896 0.15000000596046448 0.21458333730697632
2 0.6617187857627869 0.6770833730697632 0.3109374940395355 0.4166666865348816
0 0.9742187857627869 0.30937501788139343 0.05156249925494194 0.06875000149011612
0 0.9078125357627869 0.9156250357627869 0.05312500149011612 0.08541667461395264
1 0.5531250238418579 0.11354167014360428 0.16250000894069672 0.18958334624767303
1 0.11250000447034836 0.5729166865348816 0.18437500298023224 0.25833335518836975
1 0.16328124701976776 0.8229166865348816 0.13906250894069672 0.23750001192092896
1 0.0703125 0.8645833730697632 0.13750000298023224 0.23750001192092896
1 0.34687501192092896 0.4270833432674408 0.16562500596046448 0.20000001788139343
1 0.6890625357627869 0.3812500238418579 0.16562500596046448 0.20000001788139343
1 0.86328125 0.7593750357627869 0.16093750298023224 0.21458333730697632
1 0.4664062559604645 0.5229166746139526 0.15156249701976776 0.19583334028720856
1 0.16718749701976776 0.15937501192092896 0.15000000596046448 0.21458333730697632
2 0.6617187857627869 0.6770833730697632 0.3109374940395355 0.4166666865348816
0 0.9742187857627869 0.30937501788139343 0.05156249925494194 0.06875000149011612
0 0.9078125357627869 0.9156250357627869 0.05312500149011612 0.08541667461395264
