1 0.23046875 0.6062500476837158 0.16718749701976776 0.18333333730697632
1 0.13828125596046448 0.9083333611488342 0.16718749701976776 0.18333333730697632
1 0.47734376788139343 0.14479167759418488 0.16718749701976776 0.18541668355464935
1 0.8148437738418579 0.8031250238418579 0.17343750596046448 0.25208336114883423
1 0.67578125 0.25208336114883423 0.17343750596046448 0.25416669249534607
1 0.703906238079071 0.9166666865348816 0.16718749701976776 0.1666666716337204
1 0.17812500894069672 0.3697916865348816 0.15000000596046448 0.16041667759418488
1 0.23828125 0.16562500596046448 0.17656250298023224 0.23541668057441711
1 0.8046875 0.31979167461395264 0.140625 0.24375000596046448
1 0.26875001192092896 0.3645833432674408 0.14687500894069672 0.17500001192092896
1 0.06484375149011612 0.6875000596046448 0.12656250596046448 0.25833335518836975
2 0.4351562559604645 0.7000000476837158 0.37031251192092896 0.46250003576278687
1 0.23046875 0.6062500476837158 0.16718749701976776 0.18333333730697632
1 0.13828125596046448 0.9083333611488342 0.16718749701976776 0.18333333730697632
1 0.47734376788139343 0.14479167759418488 0.16718749701976776 0.18541668355464935
1 0.8148437738418579 0.8031250238418579 0.17343750596046448 0.25208336114883423
1 0.67578125 0.25208336114883423 0.17343750596046448 0.25416669249534607
1 0.703906238079071 0.9166666865348816 0.16718749701976776 0.1666666716337204
1 0.17812500894069672 0.3697916865348816 0.15000000596046448 0.16041667759418488
1 0.23828125 0.16562500596046448 0.17656250298023224 0.23541668057441711
1 0.8046875 0.31979167461395264 0.140625 0.24375000596046448
1 0.26875001192092896 0.3645833432674408 0.14687500894069672 0.17500001192092896
1 0.06484375149011612 0.6875000596046448 0.12656250596046448 0.25833335518836975
2 0.4351562559604645 0.7000000476837158 0.37031251192092896 0.46250003576278687
