1 0.4507812559604645 0.7604166865348816 0.17031250894069672 0.24166667461395264
1 0.75390625 0.6020833849906921 0.2109375 0.2916666865348816
1 0.19296875596046448 0.38333335518836975 0.17031250894069672 0.24166667461395264
1 0.53515625 0.10208334028720856 0.17031250894069672 0.20000001788139343
1 0.9468750357627869 0.7958333492279053 0.10625000298023224 0.21666668355464935
1 0.24609375 0.8937500715255737 0.17656250298023224 0.21250000596046448
1 0.16718749701976776 0.12083333730697632 0.15312500298023224 0.2083333432674408
2 0.5640625357627869 0.41354167461395264 0.34375 0.4479166865348816
0 0.24921874701976776 0.1458333432674408 0.0546875 0.07083334028720856
0 0.897656261920929 0.5437500476837158 0.07968749850988388 0.10000000894069672
1 0.4507812559604645 0.7604166865348816 0.17031250894069672 0.24166667461395264
1 0.75390625 0.6020833849906921 0.2109375 0.2916666865348816
1 0.19296875596046448 0.38333335518836975 0.17031250894069672 0.24166667461395264
1 0.53515625 0.10208334028720856 0.17031250894069672 0.20000001788139343
1 0.9468750357627869 0.7958333492279053 0.10625000298023224 0.21666668355464935
1 0.24609375 0.8937500715255737 0.17656250298023224 0.21250000596046448
1 0.16718749701976776 0.12083333730697632 0.15312500298023224 0.2083333432674408
2 0.5640625357627869 0.41354167461395264 0.34375 0.4479166865348816
0 0.24921874701976776 0.1458333432674408 0.0546875 0.07083334028720856
0 0.897656261920929 0.5437500476837158 0.07968749850988388 0.10000000894069672
