1 0.4195312559604645 0.6000000238418579 0.1640625 0.1875000149011612
1 0.91796875 0.5062500238418579 0.1640625 0.2458333522081375
1 0.3453125059604645 0.3656250238418579 0.19687500596046448 0.16458334028720856
1 0.42578125 0.8822917342185974 0.16093750298023224 0.16875000298023224
1 0.788281261920929 0.18854168057441711 0.16093750298023224 0.16875000298023224
1 0.563281238079071 0.3656250238418579 0.16093750298023224 0.16875000298023224
1 0.07421875 0.8364583849906921 0.14531250298023224 0.19375000894069672
1 0.23515625298023224 0.08229167014360428 0.15156249701976776 0.16041667759418488
1 0.25859376788139343 0.9104167222976685 0.15156249701976776 0.16250000894069672
1 0.9242187738418579 0.9177083969116211 0.15156249701976776 0.16458334028720856
1 0.6421875357627869 0.8947917222976685 0.15312500298023224 0.16458334028720856
2 0.24140624701976776 0.6104167103767395 0.17656250298023224 0.24166667461395264
1 0.4195312559604645 0.6000000238418579 0.1640625 0.1875000149011612
1 0.91796875 0.5062500238418579 0.1640625 0.2458333522081375
1 0.3453125059604645 0.3656250238418579 0.19687500596046448 0.16458334028720856
1 0.42578125 0.8822917342185974 0.16093750298023224 0.16875000298023224
1 0.788281261920929 0.18854168057441711 0.16093750298023224 0.16875000298023224
1 0.563281238079071 0.3656250238418579 0.16093750298023224 0.16875000298023224
1 0.07421875 0.8364583849906921 0.14531250298023224 0.19375000894069672
1 0.23515625298023224 0.08229167014360428 0.15156249701976776 0.16041667759418488
1 0.25859376788139343 0.9104167222976685 0.15156249701976776 0.16250000894069672
1 0.9242187738418579 0.9177083969116211 0.15156249701976776 0.16458334028720856
1 0.6421875357627869 0.8947917222976685 0.15312500298023224 0.16458334028720856
2 0.24140624701976776 0.6104167103767395 0.17656250298023224 0.24166667461395264
