1 0.4078125059604645 0.8156250715255737 0.16250000894069672 0.18541668355464935
1 0.5390625 0.6812500357627869 0.1875 0.20416668057441711
1 0.25078126788139343 0.6854166984558105 0.17031250894069672 0.25
1 0.23984375596046448 0.4645833671092987 0.15781250596046448 0.22083334624767303
1 0.15781250596046448 0.26979169249534607 0.15312500298023224 0.21458333730697632
1 0.864062488079071 0.7385417222976685 0.15312500298023224 0.21458333730697632
1 0.7109375 0.43437501788139343 0.16250000894069672 0.22291667759418488
1 0.5445312857627869 0.4125000238418579 0.17031250894069672 0.22083334624767303
1 0.649218738079071 0.8604167103767395 0.17031250894069672 0.22083334624767303
1 0.12890625 0.6416667103767395 0.17031250894069672 0.22083334624767303
1 0.13828125596046448 0.06562500447034836 0.17031250894069672 0.12708334624767303
1 0.4078125059604645 0.8156250715255737 0.16250000894069672 0.18541668355464935
1 0.5390625 0.6812500357627869 0.1875 0.20416668057441711
1 0.25078126788139343 0.6854166984558105 0.17031250894069672 0.25
1 0.23984375596046448 0.4645833671092987 0.15781250596046448 0.22083334624767303
1 0.15781250596046448 0.26979169249534607 0.15312500298023224 0.21458333730697632
1 0.864062488079071 0.7385417222976685 0.15312500298023224 0.21458333730697632
1 0.7109375 0.43437501788139343 0.16250000894069672 0.22291667759418488
1 0.5445312857627869 0.4125000238418579 0.17031250894069672 0.22083334624767303
1 0.649218738079071 0.8604167103767395 0.17031250894069672 0.22083334624767303
1 0.12890625 0.6416667103767395 0.17031250894069672 0.22083334624767303
1 0.13828125596046448 0.06562500447034836 0.17031250894069672 0.12708334624767303
