1 0.6625000238418579 0.3395833373069763 0.234375 0.17916667461395264
1 0.609375 0.6552083492279053 0.14687500894069672 0.1770833432674408
1 0.3648437559604645 0.6979166865348816 0.15468750894069672 0.17916667461395264
1 0.47265625 0.5895833373069763 0.15468750894069672 0.17916667461395264
1 0.7132812738418579 0.7031250596046448 0.15156249701976776 0.23125001788139343
1 0.2992187440395355 0.4989583492279053 0.15156249701976776 0.21041667461395264
1 0.553906261920929 0.17916667461395264 0.15468750894069672 0.17916667461395264
1 0.66015625 0.13333334028720856 0.15468750894069672 0.17916667461395264
1 0.7945312857627869 0.2187500149011612 0.15781250596046448 0.2291666716337204
1 0.07421875 0.5020833611488342 0.14531250298023224 0.18333333730697632
1 0.05546874925494194 0.1093750074505806 0.10781250149011612 0.21041667461395264
1 0.09218750149011612 0.8833333849906921 0.15937499701976776 0.15833334624767303
1 0.9359375238418579 0.43541669845581055 0.12812499701976776 0.17500001192092896
1 0.9359375238418579 0.7520833611488342 0.12812499701976776 0.17500001192092896
1 0.824999988079071 0.9322916865348816 0.15312500298023224 0.1354166716337204
1 0.23593750596046448 0.3583333492279053 0.15625 0.21666668355464935
2 0.32500001788139343 0.1093750074505806 0.22812500596046448 0.21458333730697632
0 0.09296875447034836 0.4125000238418579 0.04531250149011612 0.05416667088866234
1 0.6625000238418579 0.3395833373069763 0.234375 0.17916667461395264
1 0.609375 0.6552083492279053 0.14687500894069672 0.1770833432674408
1 0.3648437559604645 0.6979166865348816 0.15468750894069672 0.17916667461395264
1 0.47265625 0.5895833373069763 0.15468750894069672 0.17916667461395264
1 0.7132812738418579 0.7031250596046448 0.15156249701976776 0.23125001788139343
1 0.2992187440395355 0.4989583492279053 0.15156249701976776 0.21041667461395264
1 0.553906261920929 0.17916667461395264 0.15468750894069672 0.17916667461395264
1 0.66015625 0.13333334028720856 0.15468750894069672 0.17916667461395264
1 0.7945312857627869 0.2187500149011612 0.15781250596046448 0.2291666716337204
1 0.07421875 0.5020833611488342 0.14531250298023224 0.18333333730697632
1 0.05546874925494194 0.1093750074505806 0.10781250149011612 0.21041667461395264
1 0.09218750149011612 0.8833333849906921 0.15937499701976776 0.15833334624767303
1 0.9359375238418579 0.43541669845581055 0.12812499701976776 0.17500001192092896
1 0.9359375238418579 0.7520833611488342 0.12812499701976776 0.17500001192092896
1 0.824999988079071 0.9322916865348816 0.15312500298023224 0.1354166716337204
1 0.23593750596046448 0.3583333492279053 0.15625 0.21666668355464935
2 0.32500001788139343 0.1093750074505806 0.22812500596046448 0.21458333730697632
0 0.09296875447034836 0.4125000238418579 0.04531250149011612 0.05416667088866234
