1 0.590624988079071 0.3218750059604645 0.14687500894069672 0.18541668355464935
1 0.4195312559604645 0.7822917103767395 0.17656250298023224 0.2395833432674408
1 0.3125 0.24062500894069672 0.19375000894069672 0.2562500238418579
1 0.21953125298023224 0.10729166865348816 0.12343750149011612 0.14791667461395264
1 0.512499988079071 0.14166668057441711 0.16250000894069672 0.22500000894069672
1 0.7640625238418579 0.2968750298023224 0.140625 0.19375000894069672
1 0.914843738079071 0.7541667222976685 0.17031250894069672 0.22083334624767303
1 0.936718761920929 0.5447916984558105 0.12656250596046448 0.20625001192092896
1 0.796093761920929 0.5739583373069763 0.14531250298023224 0.1979166716337204
1 0.9203125238418579 0.3218750059604645 0.15625 0.1979166716337204
1 0.8046875 0.9395833611488342 0.15625 0.12083333730697632
1 0.7750000357627869 0.7625000476837158 0.15937499701976776 0.20416668057441711
1 0.078125 0.4489583671092987 0.15312500298023224 0.2395833432674408
1 0.5328125357627869 0.42916667461395264 0.15937499701976776 0.21666668355464935
2 0.20234374701976776 0.6062500476837158 0.3515625 0.44583335518836975
0 0.41484376788139343 0.2906250059604645 0.06406249850988388 0.07708333432674408
1 0.590624988079071 0.3218750059604645 0.14687500894069672 0.18541668355464935
1 0.4195312559604645 0.7822917103767395 0.17656250298023224 0.2395833432674408
1 0.3125 0.24062500894069672 0.19375000894069672 0.2562500238418579
1 0.21953125298023224 0.10729166865348816 0.12343750149011612 0.14791667461395264
1 0.512499988079071 0.14166668057441711 0.16250000894069672 0.22500000894069672
1 0.7640625238418579 0.2968750298023224 0.140625 0.19375000894069672
1 0.914843738079071 0.7541667222976685 0.17031250894069672 0.22083334624767303
1 0.936718761920929 0.5447916984558105 0.12656250596046448 0.20625001192092896
1 0.796093761920929 0.5739583373069763 0.14531250298023224 0.1979166716337204
1 0.9203125238418579 0.3218750059604645 0.15625 0.1979166716337204
1 0.8046875 0.9395833611488342 0.15625 0.12083333730697632
1 0.7750000357627869 0.7625000476837158 0.15937499701976776 0.20416668057441711
1 0.078125 0.4489583671092987 0.15312500298023224 0.2395833432674408
1 0.5328125357627869 0.42916667461395264 0.15937499701976776 0.21666668355464935
2 0.20234374701976776 0.6062500476837158 0.3515625 0.44583335518836975
0 0.41484376788139343 0.2906250059604645 0.06406249850988388 0.07708333432674408
