1 0.7093750238418579 0.7916666865348816 0.15312500298023224 0.20416668057441711
1 0.6304687857627869 0.5406250357627869 0.16093750298023224 0.2187500149011612
1 0.5796875357627869 0.29479166865348816 0.12187500298023224 0.21458333730697632
1 0.895312488079071 0.4270833432674408 0.140625 0.20416668057441711
1 0.8656250238418579 0.7625000476837158 0.140625 0.20416668057441711
1 0.16640625894069672 0.9114583730697632 0.17031250894069672 0.1770833432674408
1 0.3539062440395355 0.3593750298023224 0.15781250596046448 0.16875000298023224
1 0.928906261920929 0.20729167759418488 0.14218750596046448 0.21041667461395264
1 0.819531261920929 0.628125011920929 0.16093750298023224 0.2187500149011612
2 0.33984375 0.6781250238418579 0.3046875 0.460416704416275
1 0.7093750238418579 0.7916666865348816 0.15312500298023224 0.20416668057441711
1 0.6304687857627869 0.5406250357627869 0.16093750298023224 0.2187500149011612
1 0.5796875357627869 0.29479166865348816 0.12187500298023224 0.21458333730697632
1 0.895312488079071 0.4270833432674408 0.140625 0.20416668057441711
1 0.8656250238418579 0.7625000476837158 0.140625 0.20416668057441711
1 0.16640625894069672 0.9114583730697632 0.17031250894069672 0.1770833432674408
1 0.3539062440395355 0.3593750298023224 0.15781250596046448 0.16875000298023224
1 0.928906261920929 0.20729167759418488 0.14218750596046448 0.21041667461395264
1 0.819531261920929 0.628125011920929 0.16093750298023224 0.2187500149011612
2 0.33984375 0.6781250238418579 0.3046875 0.460416704416275
