1 0.43359375 0.3062500059604645 0.15781250596046448 0.25833335518836975
1 0.43046876788139343 0.3020833432674408 0.15781250596046448 0.25833335518836975
1 0.6500000357627869 0.10104167461395264 0.15625 0.1979166716337204
1 0.614062488079071 0.38333335518836975 0.15625 0.20000001788139343
1 0.3531250059604645 0.5062500238418579 0.1875 0.20000001788139343
1 0.24921874701976776 0.7447916865348816 0.19218750298023224 0.25208336114883423
1 0.77734375 0.29895836114883423 0.19218750298023224 0.25208336114883423
1 0.796875 0.7052083611488342 0.16562500596046448 0.23125001788139343
1 0.9312500357627869 0.7968750596046448 0.13750000298023224 0.19375000894069672
1 0.07421875 0.6468750238418579 0.14531250298023224 0.25208336114883423
2 0.5726562738418579 0.7177083492279053 0.4703125059604645 0.5645833611488342
1 0.43359375 0.3062500059604645 0.15781250596046448 0.25833335518836975
1 0.43046876788139343 0.3020833432674408 0.15781250596046448 0.25833335518836975
1 0.6500000357627869 0.10104167461395264 0.15625 0.1979166716337204
1 0.614062488079071 0.38333335518836975 0.15625 0.20000001788139343
1 0.3531250059604645 0.5062500238418579 0.1875 0.20000001788139343
1 0.24921874701976776 0.7447916865348816 0.19218750298023224 0.25208336114883423
1 0.77734375 0.29895836114883423 0.19218750298023224 0.25208336114883423
1 0.796875 0.7052083611488342 0.16562500596046448 0.23125001788139343
1 0.9312500357627869 0.7968750596046448 0.13750000298023224 0.19375000894069672
1 0.07421875 0.6468750238418579 0.14531250298023224 0.25208336114883423
2 0.5726562738418579 0.7177083492279053 0.4703125059604645 0.5645833611488342
