1 0.905468761920929 0.8520833849906921 0.17031250894069672 0.22083334624767303
1 0.7601562738418579 0.8166667222976685 0.17031250894069672 0.22083334624767303
1 0.27734375 0.8604167103767395 0.14531250298023224 0.21666668355464935
1 0.5757812857627869 0.7093750238418579 0.18593750894069672 0.25208336114883423
1 0.6539062857627869 0.534375011920929 0.18593750894069672 0.25208336114883423
1 0.696093738079071 0.11875000596046448 0.17343750596046448 0.23333334922790527
1 0.81640625 0.5177083611488342 0.15468750894069672 0.20208334922790527
1 0.15703125298023224 0.30937501788139343 0.16718749701976776 0.23125001788139343
1 0.18437500298023224 0.7083333730697632 0.19062499701976776 0.2083333432674408
1 0.4039062559604645 0.6802083849906921 0.1640625 0.1979166716337204
1 0.4195312559604645 0.9010416865348816 0.1640625 0.1979166716337204
1 0.2601562440395355 0.16979166865348816 0.1640625 0.23125001788139343
1 0.3773437440395355 0.09687500447034836 0.15468750894069672 0.18958334624767303
0 0.835156261920929 0.3531250059604645 0.05156249925494194 0.0937500074505806
0 0.710156261920929 0.34583336114883423 0.0859375 0.10833334177732468
0 0.20703125 0.47812503576278687 0.06406249850988388 0.0937500074505806
0 0.20781250298023224 0.39895835518836975 0.05937499925494194 0.0729166716337204
2 0.453125 0.3385416865348816 0.33125001192092896 0.4062500298023224
1 0.905468761920929 0.8520833849906921 0.17031250894069672 0.22083334624767303
1 0.7601562738418579 0.8166667222976685 0.17031250894069672 0.22083334624767303
1 0.27734375 0.8604167103767395 0.14531250298023224 0.21666668355464935
1 0.5757812857627869 0.7093750238418579 0.18593750894069672 0.25208336114883423
1 0.6539062857627869 0.534375011920929 0.18593750894069672 0.25208336114883423
1 0.696093738079071 0.11875000596046448 0.17343750596046448 0.23333334922790527
1 0.81640625 0.5177083611488342 0.15468750894069672 0.20208334922790527
1 0.15703125298023224 0.30937501788139343 0.16718749701976776 0.23125001788139343
1 0.18437500298023224 0.7083333730697632 0.19062499701976776 0.2083333432674408
1 0.4039062559604645 0.6802083849906921 0.1640625 0.1979166716337204
1 0.4195312559604645 0.9010416865348816 0.1640625 0.1979166716337204
1 0.2601562440395355 0.16979166865348816 0.1640625 0.23125001788139343
1 0.3773437440395355 0.09687500447034836 0.15468750894069672 0.18958334624767303
0 0.835156261920929 0.3531250059604645 0.05156249925494194 0.0937500074505806
0 0.710156261920929 0.34583336114883423 0.0859375 0.10833334177732468
0 0.20703125 0.47812503576278687 0.06406249850988388 0.0937500074505806
0 0.20781250298023224 0.39895835518836975 0.05937499925494194 0.0729166716337204
2 0.453125 0.3385416865348816 0.33125001192092896 0.4062500298023224
