1 0.2984375059604645 0.42395836114883423 0.13437500596046448 0.18125000596046448
1 0.25468751788139343 0.38854169845581055 0.16562500596046448 0.17291668057441711
1 0.21484375 0.5927083492279053 0.17656250298023224 0.2187500149011612
1 0.797656238079071 0.42395836114883423 0.17031250894069672 0.2395833432674408
1 0.4820312559604645 0.8364583849906921 0.17031250894069672 0.2395833432674408
1 0.7210937738418579 0.4906250238418579 0.17031250894069672 0.2395833432674408
1 0.5609375238418579 0.7447916865348816 0.16875000298023224 0.1979166716337204
1 0.907031238079071 0.09062500298023224 0.18281249701976776 0.1770833432674408
1 0.8531250357627869 0.6635416746139526 0.16875000298023224 0.2395833432674408
1 0.6976562738418579 0.6958333849906921 0.18593750894069672 0.28333336114883423
1 0.296875 0.8093750476837158 0.171875 0.21041667461395264
1 0.18125000596046448 0.8156250715255737 0.171875 0.21041667461395264
1 0.046875 0.2802083492279053 0.09062500298023224 0.19375000894069672
2 0.4585937559604645 0.2562500238418579 0.3203125 0.40833336114883423
1 0.2984375059604645 0.42395836114883423 0.13437500596046448 0.18125000596046448
1 0.25468751788139343 0.38854169845581055 0.16562500596046448 0.17291668057441711
1 0.21484375 0.5927083492279053 0.17656250298023224 0.2187500149011612
1 0.797656238079071 0.42395836114883423 0.17031250894069672 0.2395833432674408
1 0.4820312559604645 0.8364583849906921 0.17031250894069672 0.2395833432674408
1 0.7210937738418579 0.4906250238418579 0.17031250894069672 0.2395833432674408
1 0.5609375238418579 0.7447916865348816 0.16875000298023224 0.1979166716337204
1 0.907031238079071 0.09062500298023224 0.18281249701976776 0.1770833432674408
1 0.8531250357627869 0.6635416746139526 0.16875000298023224 0.2395833432674408
1 0.6976562738418579 0.6958333849906921 0.18593750894069672 0.28333336114883423
1 0.296875 0.8093750476837158 0.171875 0.21041667461395264
1 0.18125000596046448 0.8156250715255737 0.171875 0.21041667461395264
1 0.046875 0.2802083492279053 0.09062500298023224 0.19375000894069672
2 0.4585937559604645 0.2562500238418579 0.3203125 0.40833336114883423
