1 0.37812501192092896 0.8843750357627869 0.15625 0.20208334922790527
1 0.5625 0.7750000357627869 0.18437500298023224 0.21666668355464935
1 0.7367187738418579 0.6572917103767395 0.12031250447034836 0.1770833432674408
1 0.7515625357627869 0.8562500476837158 0.14687500894069672 0.17916667461395264
1 0.844531238079071 0.8697916865348816 0.10468750447034836 0.15208333730697632
1 0.932812511920929 0.7270833849906921 0.13437500596046448 0.21666668355464935
1 0.25390625 0.4593750238418579 0.1484375 0.22708334028720856
1 0.08828125149011612 0.8010417222976685 0.1484375 0.22708334028720856
1 0.11250000447034836 0.6354166865348816 0.15312500298023224 0.21250000596046448
1 0.2835937440395355 0.6718750596046448 0.1640625 0.1979166716337204
1 0.22031250596046448 0.7833333611488342 0.140625 0.16250000894069672
1 0.3382812440395355 0.3427083492279053 0.1484375 0.22708334028720856
1 0.582812488079071 0.11354167014360428 0.16562500596046448 0.22291667759418488
1 0.90234375 0.22083334624767303 0.14531250298023224 0.24166667461395264
1 0.22031250596046448 0.1666666716337204 0.19375000894069672 0.22500000894069672
2 0.5835937857627869 0.4531250298023224 0.3109374940395355 0.4854166805744171
1 0.37812501192092896 0.8843750357627869 0.15625 0.20208334922790527
1 0.5625 0.7750000357627869 0.18437500298023224 0.21666668355464935
1 0.7367187738418579 0.6572917103767395 0.12031250447034836 0.1770833432674408
1 0.7515625357627869 0.8562500476837158 0.14687500894069672 0.17916667461395264
1 0.844531238079071 0.8697916865348816 0.10468750447034836 0.15208333730697632
1 0.932812511920929 0.7270833849906921 0.13437500596046448 0.21666668355464935
1 0.25390625 0.4593750238418579 0.1484375 0.22708334028720856
1 0.08828125149011612 0.8010417222976685 0.1484375 0.22708334028720856
1 0.11250000447034836 0.6354166865348816 0.15312500298023224 0.21250000596046448
1 0.2835937440395355 0.6718750596046448 0.1640625 0.1979166716337204
1 0.22031250596046448 0.7833333611488342 0.140625 0.16250000894069672
1 0.3382812440395355 0.3427083492279053 0.1484375 0.22708334028720856
1 0.582812488079071 0.11354167014360428 0.16562500596046448 0.22291667759418488
1 0.90234375 0.22083334624767303 0.14531250298023224 0.24166667461395264
1 0.22031250596046448 0.1666666716337204 0.19375000894069672 0.22500000894069672
2 0.5835937857627869 0.4531250298023224 0.3109374940395355 0.4854166805744171
