1 0.8570312857627869 0.518750011920929 0.20156250894069672 0.22500000894069672
1 0.9078125357627869 0.7239583730697632 0.17499999701976776 0.20208334922790527
1 0.2523437440395355 0.4177083671092987 0.20468750596046448 0.18125000596046448
1 0.2828125059604645 0.6854166984558105 0.0 0.0
1 0.4937500059604645 0.5281250476837158 0.1875 0.22291667759418488
1 0.9085937738418579 0.125 0.18281249701976776 0.2458333522081375
1 0.12890625 0.10729166865348816 0.15781250596046448 0.19375000894069672
1 0.2601562440395355 0.17395834624767303 0.10781250149011612 0.2562500238418579
1 0.5992187857627869 0.8010417222976685 0.14218750596046448 0.24791668355464935
0 0.03828125074505806 0.8031250238418579 0.07343750447034836 0.10208334028720856
0 0.14687500894069672 0.4802083671092987 0.07500000298023224 0.10208334028720856
2 0.4749999940395355 0.16041667759418488 0.37812501192092896 0.31666669249534607
1 0.8570312857627869 0.518750011920929 0.20156250894069672 0.22500000894069672
1 0.9078125357627869 0.7239583730697632 0.17499999701976776 0.20208334922790527
1 0.2523437440395355 0.4177083671092987 0.20468750596046448 0.18125000596046448
1 0.2828125059604645 0.6854166984558105 0.0 0.0
1 0.4937500059604645 0.5281250476837158 0.1875 0.22291667759418488
1 0.9085937738418579 0.125 0.18281249701976776 0.2458333522081375
1 0.12890625 0.10729166865348816 0.15781250596046448 0.19375000894069672
1 0.2601562440395355 0.17395834624767303 0.10781250149011612 0.2562500238418579
1 0.5992187857627869 0.8010417222976685 0.14218750596046448 0.24791668355464935
0 0.03828125074505806 0.8031250238418579 0.07343750447034836 0.10208334028720856
0 0.14687500894069672 0.4802083671092987 0.07500000298023224 0.10208334028720856
2 0.4749999940395355 0.16041667759418488 0.37812501192092896 0.31666669249534607
