1 0.28515625 0.6739583611488342 0.18906250596046448 0.22291667759418488
1 0.09765625 0.37812501192092896 0.18906250596046448 0.22291667759418488
1 0.46953126788139343 0.1927083432674408 0.18906250596046448 0.22291667759418488
1 0.637499988079071 0.26875001192092896 0.16875000298023224 0.2083333432674408
1 0.7671875357627869 0.19375000894069672 0.16875000298023224 0.2083333432674408
1 0.83984375 0.37291669845581055 0.16718749701976776 0.21250000596046448
1 0.26484376192092896 0.09791667014360428 0.16093750298023224 0.19166667759418488
1 0.4515624940395355 0.4375000298023224 0.1875 0.1875000149011612
1 0.92578125 0.18437500298023224 0.1484375 0.1979166716337204
1 0.5757812857627869 0.5062500238418579 0.17343750596046448 0.19583334028720856
1 0.4078125059604645 0.5750000476837158 0.171875 0.22083334624767303
1 0.3570312559604645 0.8083333969116211 0.1484375 0.2083333432674408
1 0.792187511920929 0.5437500476837158 0.20937500894069672 0.14166668057441711
2 0.69140625 0.7510417103767395 0.24531249701976776 0.2979166805744171
0 0.45234376192092896 0.8958333730697632 0.05781250074505806 0.07083334028720856
0 0.8726562857627869 0.7572917342185974 0.04843750223517418 0.06041666865348816
1 0.28515625 0.6739583611488342 0.18906250596046448 0.22291667759418488
1 0.09765625 0.37812501192092896 0.18906250596046448 0.22291667759418488
1 0.46953126788139343 0.1927083432674408 0.18906250596046448 0.22291667759418488
1 0.637499988079071 0.26875001192092896 0.16875000298023224 0.2083333432674408
1 0.7671875357627869 0.19375000894069672 0.16875000298023224 0.2083333432674408
1 0.83984375 0.37291669845581055 0.16718749701976776 0.21250000596046448
1 0.26484376192092896 0.09791667014360428 0.16093750298023224 0.19166667759418488
1 0.4515624940395355 0.4375000298023224 0.1875 0.1875000149011612
1 0.92578125 0.18437500298023224 0.1484375 0.1979166716337204
1 0.5757812857627869 0.5062500238418579 0.17343750596046448 0.19583334028720856
1 0.4078125059604645 0.5750000476837158 0.171875 0.22083334624767303
1 0.3570312559604645 0.8083333969116211 0.1484375 0.2083333432674408
1 0.792187511920929 0.5437500476837158 0.20937500894069672 0.14166668057441711
2 0.69140625 0.7510417103767395 0.24531249701976776 0.2979166805744171
0 0.45234376192092896 0.8958333730697632 0.05781250074505806 0.07083334028720856
0 0.8726562857627869 0.7572917342185974 0.04843750223517418 0.06041666865348816
