2 0.53515625 0.6250000596046448 0.25468751788139343 0.3375000059604645
1 0.4703125059604645 0.13958333432674408 0.22812500596046448 0.22500000894069672
1 0.5921875238418579 0.36770835518836975 0.18125000596046448 0.24791668355464935
1 0.8375000357627869 0.2968750298023224 0.18125000596046448 0.24791668355464935
1 0.770312488079071 0.43020835518836975 0.18125000596046448 0.24791668355464935
1 0.737500011920929 0.5822917222976685 0.18125000596046448 0.24791668355464935
1 0.827343761920929 0.6270833611488342 0.15468750894069672 0.21250000596046448
1 0.82421875 0.7395833730697632 0.15468750894069672 0.21250000596046448
1 0.788281261920929 0.8416666984558105 0.15468750894069672 0.21250000596046448
1 0.907031238079071 0.7520833611488342 0.15468750894069672 0.21250000596046448
1 0.06328125298023224 0.1458333432674408 0.12343750149011612 0.24166667461395264
1 0.21406249701976776 0.1145833358168602 0.19062499701976776 0.22500000894069672
1 0.772656261920929 0.1197916716337204 0.2109375 0.23541668057441711
0 0.653124988079071 0.06458333879709244 0.06875000149011612 0.12083333730697632
0 0.3609375059604645 0.9083333611488342 0.06562500447034836 0.07083334028720856
1 0.3828125 0.3447916805744171 0.15312500298023224 0.22708334028720856
1 0.11562500149011612 0.4281250238418579 0.15312500298023224 0.22708334028720856
1 0.13671875 0.9270833730697632 0.13906250894069672 0.1458333432674408
1 0.2632812559604645 0.9270833730697632 0.13906250894069672 0.1458333432674408
1 0.07734375447034836 0.8677083849906921 0.15156249701976776 0.18125000596046448
2 0.53515625 0.6250000596046448 0.25468751788139343 0.3375000059604645
1 0.4703125059604645 0.13958333432674408 0.22812500596046448 0.22500000894069672
1 0.5921875238418579 0.36770835518836975 0.18125000596046448 0.24791668355464935
1 0.8375000357627869 0.2968750298023224 0.18125000596046448 0.24791668355464935
1 0.770312488079071 0.43020835518836975 0.18125000596046448 0.24791668355464935
1 0.737500011920929 0.5822917222976685 0.18125000596046448 0.24791668355464935
1 0.827343761920929 0.6270833611488342 0.15468750894069672 0.21250000596046448
1 0.82421875 0.7395833730697632 0.15468750894069672 0.21250000596046448
1 0.788281261920929 0.8416666984558105 0.15468750894069672 0.21250000596046448
1 0.907031238079071 0.7520833611488342 0.15468750894069672 0.21250000596046448
1 0.06328125298023224 0.1458333432674408 0.12343750149011612 0.24166667461395264
1 0.21406249701976776 0.1145833358168602 0.19062499701976776 0.22500000894069672
1 0.772656261920929 0.1197916716337204 0.2109375 0.23541668057441711
0 0.653124988079071 0.06458333879709244 0.06875000149011612 0.12083333730697632
0 0.3609375059604645 0.9083333611488342 0.06562500447034836 0.07083334028720856
1 0.3828125 0.3447916805744171 0.15312500298023224 0.22708334028720856
1 0.11562500149011612 0.4281250238418579 0.15312500298023224 0.22708334028720856
1 0.13671875 0.9270833730697632 0.13906250894069672 0.1458333432674408
1 0.2632812559604645 0.9270833730697632 0.13906250894069672 0.1458333432674408
1 0.07734375447034836 0.8677083849906921 0.15156249701976776 0.18125000596046448
