1 0.3828125 0.25208336114883423 0.14374999701976776 0.21666668355464935
1 0.07265625149011612 0.35208335518836975 0.14218750596046448 0.21666668355464935
1 0.22968749701976776 0.12812501192092896 0.20937500894069672 0.25208336114883423
1 0.3804687559604645 0.47708335518836975 0.15156249701976776 0.24166667461395264
1 0.39765626192092896 0.9197916984558105 0.15468750894069672 0.1562500149011612
1 0.2554687559604645 0.7927083969116211 0.1953125 0.23541668057441711
1 0.8070312738418579 0.3864583671092987 0.15468750894069672 0.21041667461395264
1 0.907031238079071 0.5385416746139526 0.18593750894069672 0.25208336114883423
1 0.663281261920929 0.5250000357627869 0.15781250596046448 0.21250000596046448
1 0.57421875 0.8937500715255737 0.19218750298023224 0.21250000596046448
1 0.632031261920929 0.21041667461395264 0.17656250298023224 0.22500000894069672
0 0.8296875357627869 0.20625001192092896 0.05937499925494194 0.0833333358168602
2 0.8304687738418579 0.8208333849906921 0.3359375 0.3583333492279053
1 0.3828125 0.25208336114883423 0.14374999701976776 0.21666668355464935
1 0.07265625149011612 0.35208335518836975 0.14218750596046448 0.21666668355464935
1 0.22968749701976776 0.12812501192092896 0.20937500894069672 0.25208336114883423
1 0.3804687559604645 0.47708335518836975 0.15156249701976776 0.24166667461395264
1 0.39765626192092896 0.9197916984558105 0.15468750894069672 0.1562500149011612
1 0.2554687559604645 0.7927083969116211 0.1953125 0.23541668057441711
1 0.8070312738418579 0.3864583671092987 0.15468750894069672 0.21041667461395264
1 0.907031238079071 0.5385416746139526 0.18593750894069672 0.25208336114883423
1 0.663281261920929 0.5250000357627869 0.15781250596046448 0.21250000596046448
1 0.57421875 0.8937500715255737 0.19218750298023224 0.21250000596046448
1 0.632031261920929 0.21041667461395264 0.17656250298023224 0.22500000894069672
0 0.8296875357627869 0.20625001192092896 0.05937499925494194 0.0833333358168602
2 0.8304687738418579 0.8208333849906921 0.3359375 0.3583333492279053
