1 0.7562500238418579 0.8427083492279053 0.18125000596046448 0.21458333730697632
1 0.48750001192092896 0.8927083611488342 0.18125000596046448 0.21458333730697632
1 0.28984376788139343 0.7135416865348816 0.2109375 0.2187500149011612
1 0.23359374701976776 0.5052083730697632 0.13593749701976776 0.18541668355464935
1 0.35546875 0.08125000447034836 0.16718749701976776 0.15833334624767303
1 0.749218761920929 0.26770836114883423 0.15781250596046448 0.21041667461395264
1 0.921093761920929 0.7197917103767395 0.15781250596046448 0.21041667461395264
2 0.43671876192092896 0.4218750298023224 0.3296875059604645 0.43125003576278687
1 0.7562500238418579 0.8427083492279053 0.18125000596046448 0.21458333730697632
1 0.48750001192092896 0.8927083611488342 0.18125000596046448 0.21458333730697632
1 0.28984376788139343 0.7135416865348816 0.2109375 0.2187500149011612
1 0.23359374701976776 0.5052083730697632 0.13593749701976776 0.18541668355464935
1 0.35546875 0.08125000447034836 0.16718749701976776 0.15833334624767303
1 0.749218761920929 0.26770836114883423 0.15781250596046448 0.21041667461395264
1 0.921093761920929 0.7197917103767395 0.15781250596046448 0.21041667461395264
2 0.43671876192092896 0.4218750298023224 0.3296875059604645 0.43125003576278687
