1 0.29218751192092896 0.8416666984558105 0.17499999701976776 0.19166667759418488
1 0.5289062857627869 0.2447916865348816 0.18593750894069672 0.22291667759418488
1 0.828906238079071 0.11770834028720856 0.18593750894069672 0.22291667759418488
1 0.925000011920929 0.2906250059604645 0.15000000596046448 0.21458333730697632
1 0.819531261920929 0.4385416805744171 0.18593750894069672 0.22291667759418488
1 0.16875000298023224 0.7760416865348816 0.12187500298023224 0.27291667461395264
1 0.7445312738418579 0.8885416984558105 0.18593750894069672 0.22291667759418488
1 0.711718738079071 0.6635416746139526 0.18593750894069672 0.22291667759418488
1 0.61328125 0.07916667312383652 0.1796875 0.15416666865348816
1 0.15546874701976776 0.17604167759418488 0.18593750894069672 0.22291667759418488
2 0.3617187440395355 0.5291666984558105 0.33906251192092896 0.4333333671092987
1 0.29218751192092896 0.8416666984558105 0.17499999701976776 0.19166667759418488
1 0.5289062857627869 0.2447916865348816 0.18593750894069672 0.22291667759418488
1 0.828906238079071 0.11770834028720856 0.18593750894069672 0.22291667759418488
1 0.925000011920929 0.2906250059604645 0.15000000596046448 0.21458333730697632
1 0.819531261920929 0.4385416805744171 0.18593750894069672 0.22291667759418488
1 0.16875000298023224 0.7760416865348816 0.12187500298023224 0.27291667461395264
1 0.7445312738418579 0.8885416984558105 0.18593750894069672 0.22291667759418488
1 0.711718738079071 0.6635416746139526 0.18593750894069672 0.22291667759418488
1 0.61328125 0.07916667312383652 0.1796875 0.15416666865348816
1 0.15546874701976776 0.17604167759418488 0.18593750894069672 0.22291667759418488
2 0.3617187440395355 0.5291666984558105 0.33906251192092896 0.4333333671092987
