1 0.6187500357627869 0.6937500238418579 0.16250000894069672 0.2458333522081375
1 0.7718750238418579 0.8666667342185974 0.24375000596046448 0.1875000149011612
1 0.719531238079071 0.47187501192092896 0.13593749701976776 0.21041667461395264
1 0.8226562738418579 0.4687500298023224 0.17031250894069672 0.2083333432674408
1 0.612500011920929 0.20208334922790527 0.16250000894069672 0.2458333522081375
2 0.20468750596046448 0.25729167461395264 0.28437501192092896 0.3437500298023224
0 0.4554687440395355 0.4364583492279053 0.07968749850988388 0.07708333432674408
1 0.6187500357627869 0.6937500238418579 0.16250000894069672 0.2458333522081375
1 0.7718750238418579 0.8666667342185974 0.24375000596046448 0.1875000149011612
1 0.719531238079071 0.47187501192092896 0.13593749701976776 0.21041667461395264
1 0.8226562738418579 0.4687500298023224 0.17031250894069672 0.2083333432674408
1 0.612500011920929 0.20208334922790527 0.16250000894069672 0.2458333522081375
2 0.20468750596046448 0.25729167461395264 0.28437501192092896 0.3437500298023224
0 0.4554687440395355 0.4364583492279053 0.07968749850988388 0.07708333432674408
