2 0.23359374701976776 0.5145833492279053 0.23281250894069672 0.28333336114883423
0 0.73046875 0.6250000596046448 0.0859375 0.07083334028720856
1 0.46796876192092896 0.2968750298023224 0.18281249701976776 0.23541668057441711
1 0.39453125 0.1979166716337204 0.12656250596046448 0.19583334028720856
1 0.6460937857627869 0.3864583671092987 0.15468750894069672 0.1770833432674408
1 0.757031261920929 0.3802083432674408 0.18906250596046448 0.18958334624767303
1 0.44921875 0.5135416984558105 0.18906250596046448 0.22291667759418488
1 0.41796875 0.6635416746139526 0.18906250596046448 0.22291667759418488
1 0.31171876192092896 0.7781250476837158 0.18906250596046448 0.22291667759418488
1 0.4945312440395355 0.8718750476837158 0.18906250596046448 0.22291667759418488
1 0.703906238079071 0.8531250357627869 0.18906250596046448 0.22291667759418488
1 0.8828125 0.3187500238418579 0.18437500298023224 0.17916667461395264
1 0.90234375 0.2135416716337204 0.18906250596046448 0.18958334624767303
1 0.7398437857627869 0.1197916716337204 0.1640625 0.20625001192092896
1 0.2109375 0.17500001192092896 0.203125 0.25416669249534607
1 0.11562500149011612 0.2666666805744171 0.171875 0.24166667461395264
1 0.06875000149011612 0.39479169249534607 0.13437500596046448 0.2562500238418579
1 0.0625 0.5333333611488342 0.12187500298023224 0.25833335518836975
1 0.05937499925494194 0.6562500596046448 0.11562500149011612 0.21250000596046448
1 0.05937499925494194 0.7520833611488342 0.11562500149011612 0.21250000596046448
1 0.10078125447034836 0.8479167222976685 0.12656250596046448 0.21666668355464935
1 0.08906250447034836 0.9406250715255737 0.14374999701976776 0.11875000596046448
1 0.3960937559604645 0.05416667088866234 0.14531250298023224 0.1041666716337204
1 0.5 0.0781250074505806 0.140625 0.15208333730697632
2 0.23359374701976776 0.5145833492279053 0.23281250894069672 0.28333336114883423
0 0.73046875 0.6250000596046448 0.0859375 0.07083334028720856
1 0.46796876192092896 0.2968750298023224 0.18281249701976776 0.23541668057441711
1 0.39453125 0.1979166716337204 0.12656250596046448 0.19583334028720856
1 0.6460937857627869 0.3864583671092987 0.15468750894069672 0.1770833432674408
1 0.757031261920929 0.3802083432674408 0.18906250596046448 0.18958334624767303
1 0.44921875 0.5135416984558105 0.18906250596046448 0.22291667759418488
1 0.41796875 0.6635416746139526 0.18906250596046448 0.22291667759418488
1 0.31171876192092896 0.7781250476837158 0.18906250596046448 0.22291667759418488
1 0.4945312440395355 0.8718750476837158 0.18906250596046448 0.22291667759418488
1 0.703906238079071 0.8531250357627869 0.18906250596046448 0.22291667759418488
1 0.8828125 0.3187500238418579 0.18437500298023224 0.17916667461395264
1 0.90234375 0.2135416716337204 0.18906250596046448 0.18958334624767303
1 0.7398437857627869 0.1197916716337204 0.1640625 0.20625001192092896
1 0.2109375 0.17500001192092896 0.203125 0.25416669249534607
1 0.11562500149011612 0.2666666805744171 0.171875 0.24166667461395264
1 0.06875000149011612 0.39479169249534607 0.13437500596046448 0.2562500238418579
1 0.0625 0.5333333611488342 0.12187500298023224 0.25833335518836975
1 0.05937499925494194 0.6562500596046448 0.11562500149011612 0.21250000596046448
1 0.05937499925494194 0.7520833611488342 0.11562500149011612 0.21250000596046448
1 0.10078125447034836 0.8479167222976685 0.12656250596046448 0.21666668355464935
1 0.08906250447034836 0.9406250715255737 0.14374999701976776 0.11875000596046448
1 0.3960937559604645 0.05416667088866234 0.14531250298023224 0.1041666716337204
1 0.5 0.0781250074505806 0.140625 0.15208333730697632
