1 0.25078126788139343 0.8375000357627869 0.14218750596046448 0.18333333730697632
1 0.0625 0.7458333969116211 0.12187500298023224 0.17916667461395264
1 0.6937500238418579 0.7489583492279053 0.13125000894069672 0.22708334028720856
1 0.66796875 0.19375000894069672 0.12343750149011612 0.2083333432674408
1 0.940625011920929 0.08125000447034836 0.11874999850988388 0.15833334624767303
1 0.46406251192092896 0.8979167342185974 0.15312500298023224 0.20416668057441711
1 0.577343761920929 0.9281250238418579 0.1015625 0.14375001192092896
1 0.2984375059604645 0.4437500238418579 0.15937499701976776 0.17500001192092896
1 0.15781250596046448 0.48750001192092896 0.15937499701976776 0.17500001192092896
1 0.6390625238418579 0.41354167461395264 0.16562500596046448 0.21041667461395264
1 0.550000011920929 0.37916669249534607 0.16875000298023224 0.22500000894069672
1 0.917187511920929 0.6114583611488342 0.16562500596046448 0.21041667461395264
0 0.14218750596046448 0.13750000298023224 0.06562500447034836 0.11666667461395264
0 0.609375 0.07083334028720856 0.09062500298023224 0.09166666865348816
2 0.3179687559604645 0.1510416716337204 0.32343751192092896 0.2979166805744171
1 0.25078126788139343 0.8375000357627869 0.14218750596046448 0.18333333730697632
1 0.0625 0.7458333969116211 0.12187500298023224 0.17916667461395264
1 0.6937500238418579 0.7489583492279053 0.13125000894069672 0.22708334028720856
1 0.66796875 0.19375000894069672 0.12343750149011612 0.2083333432674408
1 0.940625011920929 0.08125000447034836 0.11874999850988388 0.15833334624767303
1 0.46406251192092896 0.8979167342185974 0.15312500298023224 0.20416668057441711
1 0.577343761920929 0.9281250238418579 0.1015625 0.14375001192092896
1 0.2984375059604645 0.4437500238418579 0.15937499701976776 0.17500001192092896
1 0.15781250596046448 0.48750001192092896 0.15937499701976776 0.17500001192092896
1 0.6390625238418579 0.41354167461395264 0.16562500596046448 0.21041667461395264
1 0.550000011920929 0.37916669249534607 0.16875000298023224 0.22500000894069672
1 0.917187511920929 0.6114583611488342 0.16562500596046448 0.21041667461395264
0 0.14218750596046448 0.13750000298023224 0.06562500447034836 0.11666667461395264
0 0.609375 0.07083334028720856 0.09062500298023224 0.09166666865348816
2 0.3179687559604645 0.1510416716337204 0.32343751192092896 0.2979166805744171
