2 0.453125 0.39270836114883423 0.3031249940395355 0.4020833671092987
1 0.11796875298023224 0.7291666865348816 0.18281249701976776 0.21666668355464935
1 0.18671874701976776 0.8864583969116211 0.17343750596046448 0.22291667759418488
1 0.27265626192092896 0.7989583611488342 0.17343750596046448 0.22291667759418488
1 0.3343749940395355 0.6656250357627869 0.140625 0.22708334028720856
1 0.3687500059604645 0.7197917103767395 0.140625 0.22708334028720856
1 0.40312501788139343 0.7489583492279053 0.140625 0.22708334028720856
1 0.45625001192092896 0.7697917222976685 0.140625 0.22708334028720856
1 0.856249988079071 0.7312500476837158 0.16562500596046448 0.21250000596046448
1 0.917187511920929 0.8791667222976685 0.16562500596046448 0.21250000596046448
1 0.879687488079071 0.12083333730697632 0.16562500596046448 0.21250000596046448
1 0.901562511920929 0.20416668057441711 0.19375000894069672 0.22500000894069672
1 0.125 0.3708333671092987 0.19375000894069672 0.22500000894069672
1 0.20624999701976776 0.24375000596046448 0.19375000894069672 0.22500000894069672
1 0.12656250596046448 0.17291668057441711 0.19375000894069672 0.22500000894069672
1 0.5171875357627869 0.07500000298023224 0.19062499701976776 0.1458333432674408
1 0.46406251192092896 0.9447917342185974 0.13437500596046448 0.11041667312383652
1 0.530468761920929 0.95208340883255 0.12968750298023224 0.09583333879709244
2 0.453125 0.39270836114883423 0.3031249940395355 0.4020833671092987
1 0.11796875298023224 0.7291666865348816 0.18281249701976776 0.21666668355464935
1 0.18671874701976776 0.8864583969116211 0.17343750596046448 0.22291667759418488
1 0.27265626192092896 0.7989583611488342 0.17343750596046448 0.22291667759418488
1 0.3343749940395355 0.6656250357627869 0.140625 0.22708334028720856
1 0.3687500059604645 0.7197917103767395 0.140625 0.22708334028720856
1 0.40312501788139343 0.7489583492279053 0.140625 0.22708334028720856
1 0.45625001192092896 0.7697917222976685 0.140625 0.22708334028720856
1 0.856249988079071 0.7312500476837158 0.16562500596046448 0.21250000596046448
1 0.917187511920929 0.8791667222976685 0.16562500596046448 0.21250000596046448
1 0.879687488079071 0.12083333730697632 0.16562500596046448 0.21250000596046448
1 0.901562511920929 0.20416668057441711 0.19375000894069672 0.22500000894069672
1 0.125 0.3708333671092987 0.19375000894069672 0.22500000894069672
1 0.20624999701976776 0.24375000596046448 0.19375000894069672 0.22500000894069672
1 0.12656250596046448 0.17291668057441711 0.19375000894069672 0.22500000894069672
1 0.5171875357627869 0.07500000298023224 0.19062499701976776 0.1458333432674408
1 0.46406251192092896 0.9447917342185974 0.13437500596046448 0.11041667312383652
1 0.530468761920929 0.95208340883255 0.12968750298023224 0.09583333879709244
