1 0.08125000447034836 0.4385416805744171 0.13125000894069672 0.1979166716337204
1 0.46015626192092896 0.5489583611488342 0.16093750298023224 0.2645833492279053
1 0.8257812857627869 0.38854169845581055 0.16093750298023224 0.2645833492279053
1 0.7367187738418579 0.7885417342185974 0.17343750596046448 0.2604166865348816
1 0.67578125 0.4281250238418579 0.1484375 0.21041667461395264
1 0.6851562857627869 0.15937501192092896 0.1484375 0.21041667461395264
1 0.06875000149011612 0.7541667222976685 0.13437500596046448 0.2083333432674408
1 0.942187488079071 0.25208336114883423 0.11562500149011612 0.2083333432674408
2 0.3421874940395355 0.3135416805744171 0.265625 0.24375000596046448
0 0.43671876192092896 0.7958333492279053 0.06093750149011612 0.07500000298023224
0 0.7679687738418579 0.5687500238418579 0.06093750149011612 0.07500000298023224
1 0.08125000447034836 0.4385416805744171 0.13125000894069672 0.1979166716337204
1 0.46015626192092896 0.5489583611488342 0.16093750298023224 0.2645833492279053
1 0.8257812857627869 0.38854169845581055 0.16093750298023224 0.2645833492279053
1 0.7367187738418579 0.7885417342185974 0.17343750596046448 0.2604166865348816
1 0.67578125 0.4281250238418579 0.1484375 0.21041667461395264
1 0.6851562857627869 0.15937501192092896 0.1484375 0.21041667461395264
1 0.06875000149011612 0.7541667222976685 0.13437500596046448 0.2083333432674408
1 0.942187488079071 0.25208336114883423 0.11562500149011612 0.2083333432674408
2 0.3421874940395355 0.3135416805744171 0.265625 0.24375000596046448
0 0.43671876192092896 0.7958333492279053 0.06093750149011612 0.07500000298023224
0 0.7679687738418579 0.5687500238418579 0.06093750149011612 0.07500000298023224
