1 0.47187501192092896 0.460416704416275 0.15937499701976776 0.22500000894069672
1 0.6187500357627869 0.5729166865348816 0.15937499701976776 0.22500000894069672
1 0.47187501192092896 0.6375000476837158 0.15937499701976776 0.22500000894069672
1 0.3109374940395355 0.44583335518836975 0.15937499701976776 0.22500000894069672
1 0.7757812738418579 0.8781250715255737 0.18593750894069672 0.24375000596046448
1 0.8765625357627869 0.6104167103767395 0.16250000894069672 0.21250000596046448
1 0.925000011920929 0.0833333358168602 0.15000000596046448 0.16250000894069672
1 0.125 0.460416704416275 0.15937499701976776 0.22500000894069672
1 0.7828125357627869 0.6197916865348816 0.13750000298023224 0.21458333730697632
1 0.05859375 0.13750000298023224 0.11406250298023224 0.2708333432674408
2 0.38359376788139343 0.125 0.24843750894069672 0.22500000894069672
1 0.47187501192092896 0.460416704416275 0.15937499701976776 0.22500000894069672
1 0.6187500357627869 0.5729166865348816 0.15937499701976776 0.22500000894069672
1 0.47187501192092896 0.6375000476837158 0.15937499701976776 0.22500000894069672
1 0.3109374940395355 0.44583335518836975 0.15937499701976776 0.22500000894069672
1 0.7757812738418579 0.8781250715255737 0.18593750894069672 0.24375000596046448
1 0.8765625357627869 0.6104167103767395 0.16250000894069672 0.21250000596046448
1 0.925000011920929 0.0833333358168602 0.15000000596046448 0.16250000894069672
1 0.125 0.460416704416275 0.15937499701976776 0.22500000894069672
1 0.7828125357627869 0.6197916865348816 0.13750000298023224 0.21458333730697632
1 0.05859375 0.13750000298023224 0.11406250298023224 0.2708333432674408
2 0.38359376788139343 0.125 0.24843750894069672 0.22500000894069672
