2 0.546093761920929 0.4677083492279053 0.3359375 0.4479166865348816
1 0.30390626192092896 0.753125011920929 0.17031250894069672 0.22291667759418488
1 0.23515625298023224 0.8656250238418579 0.17031250894069672 0.22291667759418488
1 0.0703125 0.784375011920929 0.13750000298023224 0.22291667759418488
1 0.22734375298023224 0.5510417222976685 0.20781250298023224 0.2187500149011612
1 0.2679687440395355 0.3343750238418579 0.20781250298023224 0.2187500149011612
1 0.827343761920929 0.32604169845581055 0.20781250298023224 0.2187500149011612
1 0.910937488079071 0.2958333492279053 0.17812500894069672 0.19583334028720856
1 0.913281261920929 0.5437500476837158 0.17343750596046448 0.23750001192092896
1 0.811718761920929 0.768750011920929 0.17343750596046448 0.23750001192092896
1 0.616406261920929 0.7729167342185974 0.1953125 0.23750001192092896
1 0.49609375 0.7895833849906921 0.1953125 0.23750001192092896
1 0.508593738079071 0.9083333611488342 0.19218750298023224 0.18333333730697632
1 0.10546875 0.32604169845581055 0.17343750596046448 0.21041667461395264
1 0.9195312857627869 0.08958333730697632 0.15781250596046448 0.17500001192092896
0 0.703906238079071 0.06354167312383652 0.0703125 0.08125000447034836
0 0.7992187738418579 0.13645833730697632 0.0703125 0.08125000447034836
0 0.11015625298023224 0.4697916805744171 0.0703125 0.08125000447034836
2 0.546093761920929 0.4677083492279053 0.3359375 0.4479166865348816
1 0.30390626192092896 0.753125011920929 0.17031250894069672 0.22291667759418488
1 0.23515625298023224 0.8656250238418579 0.17031250894069672 0.22291667759418488
1 0.0703125 0.784375011920929 0.13750000298023224 0.22291667759418488
1 0.22734375298023224 0.5510417222976685 0.20781250298023224 0.2187500149011612
1 0.2679687440395355 0.3343750238418579 0.20781250298023224 0.2187500149011612
1 0.827343761920929 0.32604169845581055 0.20781250298023224 0.2187500149011612
1 0.910937488079071 0.2958333492279053 0.17812500894069672 0.19583334028720856
1 0.913281261920929 0.5437500476837158 0.17343750596046448 0.23750001192092896
1 0.811718761920929 0.768750011920929 0.17343750596046448 0.23750001192092896
1 0.616406261920929 0.7729167342185974 0.1953125 0.23750001192092896
1 0.49609375 0.7895833849906921 0.1953125 0.23750001192092896
1 0.508593738079071 0.9083333611488342 0.19218750298023224 0.18333333730697632
1 0.10546875 0.32604169845581055 0.17343750596046448 0.21041667461395264
1 0.9195312857627869 0.08958333730697632 0.15781250596046448 0.17500001192092896
0 0.703906238079071 0.06354167312383652 0.0703125 0.08125000447034836
0 0.7992187738418579 0.13645833730697632 0.0703125 0.08125000447034836
0 0.11015625298023224 0.4697916805744171 0.0703125 0.08125000447034836
