1 0.24687500298023224 0.22500000894069672 0.19062499701976776 0.20416668057441711
1 0.4156250059604645 0.18541668355464935 0.16562500596046448 0.21250000596046448
1 0.26484376192092896 0.6375000476837158 0.17343750596046448 0.21666668355464935
1 0.9085937738418579 0.53125 0.16718749701976776 0.19166667759418488
1 0.56640625 0.29375001788139343 0.16718749701976776 0.19166667759418488
1 0.614062488079071 0.2770833373069763 0.15625 0.1666666716337204
1 0.7718750238418579 0.1979166716337204 0.15625 0.1666666716337204
1 0.10390625149011612 0.5197917222976685 0.20156250894069672 0.2604166865348816
1 0.23203125596046448 0.8635417222976685 0.1640625 0.2187500149011612
1 0.7367187738418579 0.7364583611488342 0.15156249701976776 0.18541668355464935
1 0.862500011920929 0.8833333849906921 0.19062499701976776 0.23333334922790527
1 0.375 0.3802083432674408 0.18437500298023224 0.20208334922790527
1 0.5390625 0.8385416865348816 0.17499999701976776 0.20625001192092896
1 0.06562500447034836 0.16562500596046448 0.12812499701976776 0.23125001788139343
2 0.535937488079071 0.5395833849906921 0.22812500596046448 0.27916666865348816
0 0.16171875596046448 0.38750001788139343 0.0703125 0.07500000298023224
1 0.24687500298023224 0.22500000894069672 0.19062499701976776 0.20416668057441711
1 0.4156250059604645 0.18541668355464935 0.16562500596046448 0.21250000596046448
1 0.26484376192092896 0.6375000476837158 0.17343750596046448 0.21666668355464935
1 0.9085937738418579 0.53125 0.16718749701976776 0.19166667759418488
1 0.56640625 0.29375001788139343 0.16718749701976776 0.19166667759418488
1 0.614062488079071 0.2770833373069763 0.15625 0.1666666716337204
1 0.7718750238418579 0.1979166716337204 0.15625 0.1666666716337204
1 0.10390625149011612 0.5197917222976685 0.20156250894069672 0.2604166865348816
1 0.23203125596046448 0.8635417222976685 0.1640625 0.2187500149011612
1 0.7367187738418579 0.7364583611488342 0.15156249701976776 0.18541668355464935
1 0.862500011920929 0.8833333849906921 0.19062499701976776 0.23333334922790527
1 0.375 0.3802083432674408 0.18437500298023224 0.20208334922790527
1 0.5390625 0.8385416865348816 0.17499999701976776 0.20625001192092896
1 0.06562500447034836 0.16562500596046448 0.12812499701976776 0.23125001788139343
2 0.535937488079071 0.5395833849906921 0.22812500596046448 0.27916666865348816
0 0.16171875596046448 0.38750001788139343 0.0703125 0.07500000298023224
