2 0.4039062559604645 0.7395833730697632 0.23593750596046448 0.2916666865348816
1 0.33281251788139343 0.4520833492279053 0.16562500596046448 0.25833335518836975
1 0.08281250298023224 0.18958334624767303 0.16250000894069672 0.25833335518836975
1 0.22265625 0.33125001192092896 0.16718749701976776 0.23333334922790527
1 0.14687500894069672 0.46666669845581055 0.16562500596046448 0.23333334922790527
1 0.21171875298023224 0.6041666865348816 0.16718749701976776 0.23333334922790527
1 0.1328125 0.6583333611488342 0.16562500596046448 0.23333334922790527
1 0.08046875149011612 0.8218750357627869 0.15781250596046448 0.20625001192092896
1 0.5367187857627869 0.9177083969116211 0.16093750298023224 0.16458334028720856
1 0.6781250238418579 0.768750011920929 0.16562500596046448 0.2083333432674408
1 0.7734375 0.7614583969116211 0.12187500298023224 0.22291667759418488
1 0.8375000357627869 0.7114583849906921 0.18125000596046448 0.26875001192092896
1 0.9429687857627869 0.6208333373069763 0.11406250298023224 0.2291666716337204
1 0.936718761920929 0.90520840883255 0.12656250596046448 0.18958334624767303
1 0.867968738079071 0.29375001788139343 0.16093750298023224 0.18333333730697632
1 0.7085937857627869 0.3020833432674408 0.24843750894069672 0.25833335518836975
1 0.5570312738418579 0.09270834177732468 0.16093750298023224 0.18125000596046448
1 0.46015626192092896 0.3958333432674408 0.16093750298023224 0.18333333730697632
1 0.57421875 0.5833333730697632 0.16093750298023224 0.18333333730697632
0 0.2562499940395355 0.7489583492279053 0.05625000223517418 0.0937500074505806
0 0.19687500596046448 0.7802083492279053 0.05625000223517418 0.0937500074505806
0 0.2953124940395355 0.9072917103767395 0.05625000223517418 0.0937500074505806
1 0.22187499701976776 0.08125000447034836 0.18437500298023224 0.15833334624767303
2 0.4039062559604645 0.7395833730697632 0.23593750596046448 0.2916666865348816
1 0.33281251788139343 0.4520833492279053 0.16562500596046448 0.25833335518836975
1 0.08281250298023224 0.18958334624767303 0.16250000894069672 0.25833335518836975
1 0.22265625 0.33125001192092896 0.16718749701976776 0.23333334922790527
1 0.14687500894069672 0.46666669845581055 0.16562500596046448 0.23333334922790527
1 0.21171875298023224 0.6041666865348816 0.16718749701976776 0.23333334922790527
1 0.1328125 0.6583333611488342 0.16562500596046448 0.23333334922790527
1 0.08046875149011612 0.8218750357627869 0.15781250596046448 0.20625001192092896
1 0.5367187857627869 0.9177083969116211 0.16093750298023224 0.16458334028720856
1 0.6781250238418579 0.768750011920929 0.16562500596046448 0.2083333432674408
1 0.7734375 0.7614583969116211 0.12187500298023224 0.22291667759418488
1 0.8375000357627869 0.7114583849906921 0.18125000596046448 0.26875001192092896
1 0.9429687857627869 0.6208333373069763 0.11406250298023224 0.2291666716337204
1 0.936718761920929 0.90520840883255 0.12656250596046448 0.18958334624767303
1 0.867968738079071 0.29375001788139343 0.16093750298023224 0.18333333730697632
1 0.7085937857627869 0.3020833432674408 0.24843750894069672 0.25833335518836975
1 0.5570312738418579 0.09270834177732468 0.16093750298023224 0.18125000596046448
1 0.46015626192092896 0.3958333432674408 0.16093750298023224 0.18333333730697632
1 0.57421875 0.5833333730697632 0.16093750298023224 0.18333333730697632
0 0.2562499940395355 0.7489583492279053 0.05625000223517418 0.0937500074505806
0 0.19687500596046448 0.7802083492279053 0.05625000223517418 0.0937500074505806
0 0.2953124940395355 0.9072917103767395 0.05625000223517418 0.0937500074505806
1 0.22187499701976776 0.08125000447034836 0.18437500298023224 0.15833334624767303
