2 0.36796876788139343 0.2770833373069763 0.33906251192092896 0.38750001788139343
1 0.578906238079071 0.30000001192092896 0.16718749701976776 0.21250000596046448
1 0.6640625 0.3958333432674408 0.14374999701976776 0.18333333730697632
1 0.8734375238418579 0.5333333611488342 0.171875 0.19166667759418488
1 0.7578125 0.6427083611488342 0.21250000596046448 0.25208336114883423
1 0.882031261920929 0.15520833432674408 0.15781250596046448 0.2562500238418579
1 0.7320312857627869 0.09270834177732468 0.16093750298023224 0.18125000596046448
1 0.0625 0.3812500238418579 0.12187500298023224 0.23750001192092896
1 0.16015625 0.5406250357627869 0.17343750596046448 0.2395833432674408
1 0.5765625238418579 0.6885417103767395 0.171875 0.19375000894069672
1 0.663281261920929 0.8343750238418579 0.18593750894069672 0.21041667461395264
1 0.06796874850988388 0.8135417103767395 0.1328125 0.18125000596046448
1 0.18125000596046448 0.9125000238418579 0.20937500894069672 0.17500001192092896
1 0.866406261920929 0.8979167342185974 0.12656250596046448 0.19166667759418488
1 0.16171875596046448 0.28854167461395264 0.1484375 0.3020833432674408
1 0.42656251788139343 0.6468750238418579 0.1875 0.2395833432674408
0 0.55078125 0.5906250476837158 0.0546875 0.06458333879709244
2 0.36796876788139343 0.2770833373069763 0.33906251192092896 0.38750001788139343
1 0.578906238079071 0.30000001192092896 0.16718749701976776 0.21250000596046448
1 0.6640625 0.3958333432674408 0.14374999701976776 0.18333333730697632
1 0.8734375238418579 0.5333333611488342 0.171875 0.19166667759418488
1 0.7578125 0.6427083611488342 0.21250000596046448 0.25208336114883423
1 0.882031261920929 0.15520833432674408 0.15781250596046448 0.2562500238418579
1 0.7320312857627869 0.09270834177732468 0.16093750298023224 0.18125000596046448
1 0.0625 0.3812500238418579 0.12187500298023224 0.23750001192092896
1 0.16015625 0.5406250357627869 0.17343750596046448 0.2395833432674408
1 0.5765625238418579 0.6885417103767395 0.171875 0.19375000894069672
1 0.663281261920929 0.8343750238418579 0.18593750894069672 0.21041667461395264
1 0.06796874850988388 0.8135417103767395 0.1328125 0.18125000596046448
1 0.18125000596046448 0.9125000238418579 0.20937500894069672 0.17500001192092896
1 0.866406261920929 0.8979167342185974 0.12656250596046448 0.19166667759418488
1 0.16171875596046448 0.28854167461395264 0.1484375 0.3020833432674408
1 0.42656251788139343 0.6468750238418579 0.1875 0.2395833432674408
0 0.55078125 0.5906250476837158 0.0546875 0.06458333879709244
