1 0.921093761920929 0.21562501788139343 0.15781250596046448 0.21041667461395264
1 0.706250011920929 0.8031250238418579 0.18437500298023224 0.21458333730697632
1 0.874218761920929 0.7125000357627869 0.18281249701976776 0.2666666805744171
1 0.754687488079071 0.12083333730697632 0.1875 0.23750001192092896
1 0.6039062738418579 0.25416669249534607 0.17343750596046448 0.19166667759418488
1 0.586718738079071 0.49791669845581055 0.19843749701976776 0.26250001788139343
1 0.09921874850988388 0.5083333849906921 0.16718749701976776 0.20000001788139343
1 0.26875001192092896 0.44166669249534607 0.18437500298023224 0.2458333522081375
1 0.4789062440395355 0.37708336114883423 0.1796875 0.20000001788139343
2 0.3140625059604645 0.7895833849906921 0.45000001788139343 0.4208333492279053
1 0.921093761920929 0.21562501788139343 0.15781250596046448 0.21041667461395264
1 0.706250011920929 0.8031250238418579 0.18437500298023224 0.21458333730697632
1 0.874218761920929 0.7125000357627869 0.18281249701976776 0.2666666805744171
1 0.754687488079071 0.12083333730697632 0.1875 0.23750001192092896
1 0.6039062738418579 0.25416669249534607 0.17343750596046448 0.19166667759418488
1 0.586718738079071 0.49791669845581055 0.19843749701976776 0.26250001788139343
1 0.09921874850988388 0.5083333849906921 0.16718749701976776 0.20000001788139343
1 0.26875001192092896 0.44166669249534607 0.18437500298023224 0.2458333522081375
1 0.4789062440395355 0.37708336114883423 0.1796875 0.20000001788139343
2 0.3140625059604645 0.7895833849906921 0.45000001788139343 0.4208333492279053
