1 0.15078125894069672 0.5385416746139526 0.15468750894069672 0.22708334028720856
1 0.4867187440395355 0.43437501788139343 0.17343750596046448 0.22708334028720856
1 0.53515625 0.9000000357627869 0.1796875 0.20000001788139343
1 0.3578124940395355 0.9000000357627869 0.1875 0.20000001788139343
1 0.7171875238418579 0.8989583849906921 0.19687500596046448 0.1979166716337204
1 0.3343749940395355 0.22083334624767303 0.18125000596046448 0.21250000596046448
1 0.08046875149011612 0.1041666716337204 0.15781250596046448 0.20416668057441711
1 0.774218738079071 0.7229167222976685 0.12968750298023224 0.17916667461395264
2 0.690625011920929 0.25416669249534607 0.36250001192092896 0.5041667222976685
1 0.15078125894069672 0.5385416746139526 0.15468750894069672 0.22708334028720856
1 0.4867187440395355 0.43437501788139343 0.17343750596046448 0.22708334028720856
1 0.53515625 0.9000000357627869 0.1796875 0.20000001788139343
1 0.3578124940395355 0.9000000357627869 0.1875 0.20000001788139343
1 0.7171875238418579 0.8989583849906921 0.19687500596046448 0.1979166716337204
1 0.3343749940395355 0.22083334624767303 0.18125000596046448 0.21250000596046448
1 0.08046875149011612 0.1041666716337204 0.15781250596046448 0.20416668057441711
1 0.774218738079071 0.7229167222976685 0.12968750298023224 0.17916667461395264
2 0.690625011920929 0.25416669249534607 0.36250001192092896 0.5041667222976685
