1 0.875 0.19479167461395264 0.17812500894069672 0.22708334028720856
1 0.5875000357627869 0.2302083522081375 0.17812500894069672 0.22708334028720856
1 0.17031250894069672 0.3906250298023224 0.17812500894069672 0.22708334028720856
1 0.29375001788139343 0.7697917222976685 0.17812500894069672 0.22708334028720856
1 0.40312501788139343 0.5052083730697632 0.17812500894069672 0.22708334028720856
1 0.453125 0.37187501788139343 0.17812500894069672 0.22708334028720856
1 0.2789062559604645 0.20625001192092896 0.15781250596046448 0.22500000894069672
1 0.47343751788139343 0.9000000357627869 0.16250000894069672 0.19583334028720856
1 0.800000011920929 0.3895833492279053 0.16250000894069672 0.19583334028720856
1 0.9242187738418579 0.4427083432674408 0.15156249701976776 0.22708334028720856
2 0.686718761920929 0.690625011920929 0.3828125 0.45625001192092896
1 0.875 0.19479167461395264 0.17812500894069672 0.22708334028720856
1 0.5875000357627869 0.2302083522081375 0.17812500894069672 0.22708334028720856
1 0.17031250894069672 0.3906250298023224 0.17812500894069672 0.22708334028720856
1 0.29375001788139343 0.7697917222976685 0.17812500894069672 0.22708334028720856
1 0.40312501788139343 0.5052083730697632 0.17812500894069672 0.22708334028720856
1 0.453125 0.37187501788139343 0.17812500894069672 0.22708334028720856
1 0.2789062559604645 0.20625001192092896 0.15781250596046448 0.22500000894069672
1 0.47343751788139343 0.9000000357627869 0.16250000894069672 0.19583334028720856
1 0.800000011920929 0.3895833492279053 0.16250000894069672 0.19583334028720856
1 0.9242187738418579 0.4427083432674408 0.15156249701976776 0.22708334028720856
2 0.686718761920929 0.690625011920929 0.3828125 0.45625001192092896
