1 0.2945312559604645 0.31458336114883423 0.1484375 0.21666668355464935
1 0.20703125 0.10833334177732468 0.15156249701976776 0.20416668057441711
1 0.46562501788139343 0.09791667014360428 0.14687500894069672 0.19166667759418488
1 0.65625 0.1197916716337204 0.14687500894069672 0.19375000894069672
1 0.92578125 0.31666669249534607 0.12968750298023224 0.17500001192092896
1 0.907031238079071 0.7510417103767395 0.1640625 0.1979166716337204
1 0.3804687559604645 0.6843750476837158 0.1640625 0.1979166716337204
1 0.16796875 0.8739583492279053 0.1640625 0.1979166716337204
1 0.61328125 0.36770835518836975 0.1953125 0.20208334922790527
1 0.390625 0.8125000596046448 0.15625 0.17916667461395264
1 0.2828125059604645 0.5333333611488342 0.1875 0.2666666805744171
2 0.592968761920929 0.6583333611488342 0.2953124940395355 0.37916669249534607
1 0.2945312559604645 0.31458336114883423 0.1484375 0.21666668355464935
1 0.20703125 0.10833334177732468 0.15156249701976776 0.20416668057441711
1 0.46562501788139343 0.09791667014360428 0.14687500894069672 0.19166667759418488
1 0.65625 0.1197916716337204 0.14687500894069672 0.19375000894069672
1 0.92578125 0.31666669249534607 0.12968750298023224 0.17500001192092896
1 0.907031238079071 0.7510417103767395 0.1640625 0.1979166716337204
1 0.3804687559604645 0.6843750476837158 0.1640625 0.1979166716337204
1 0.16796875 0.8739583492279053 0.1640625 0.1979166716337204
1 0.61328125 0.36770835518836975 0.1953125 0.20208334922790527
1 0.390625 0.8125000596046448 0.15625 0.17916667461395264
1 0.2828125059604645 0.5333333611488342 0.1875 0.2666666805744171
2 0.592968761920929 0.6583333611488342 0.2953124940395355 0.37916669249534607
