1 0.6640625 0.6895833611488342 0.16250000894069672 0.22500000894069672
1 0.39140626788139343 0.6843750476837158 0.1953125 0.2562500238418579
1 0.5335937738418579 0.4385416805744171 0.1953125 0.2562500238418579
1 0.32109376788139343 0.07500000298023224 0.20156250894069672 0.1458333432674408
1 0.19062499701976776 0.5854166746139526 0.15000000596046448 0.1875000149011612
1 0.13593749701976776 0.32500001788139343 0.15000000596046448 0.1875000149011612
1 0.30000001192092896 0.7416667342185974 0.15000000596046448 0.1875000149011612
1 0.7671875357627869 0.8520833849906921 0.15000000596046448 0.1875000149011612
0 0.5648437738418579 0.5958333611488342 0.05781250074505806 0.06666667014360428
2 0.768750011920929 0.20104168355464935 0.37812501192092896 0.39791667461395264
1 0.6640625 0.6895833611488342 0.16250000894069672 0.22500000894069672
1 0.39140626788139343 0.6843750476837158 0.1953125 0.2562500238418579
1 0.5335937738418579 0.4385416805744171 0.1953125 0.2562500238418579
1 0.32109376788139343 0.07500000298023224 0.20156250894069672 0.1458333432674408
1 0.19062499701976776 0.5854166746139526 0.15000000596046448 0.1875000149011612
1 0.13593749701976776 0.32500001788139343 0.15000000596046448 0.1875000149011612
1 0.30000001192092896 0.7416667342185974 0.15000000596046448 0.1875000149011612
1 0.7671875357627869 0.8520833849906921 0.15000000596046448 0.1875000149011612
0 0.5648437738418579 0.5958333611488342 0.05781250074505806 0.06666667014360428
2 0.768750011920929 0.20104168355464935 0.37812501192092896 0.39791667461395264
