1 0.32734376192092896 0.8250000476837158 0.19843749701976776 0.26250001788139343
1 0.4117187559604645 0.6322916746139526 0.1640625 0.23541668057441711
1 0.22421875596046448 0.42604169249534607 0.20156250894069672 0.24791668355464935
1 0.797656238079071 0.5739583373069763 0.13906250894069672 0.18541668355464935
2 0.48906251788139343 0.16979166865348816 0.26875001192092896 0.2979166805744171
1 0.48046875 0.6250000596046448 0.13593749701976776 0.21666668355464935
1 0.32734376192092896 0.8250000476837158 0.19843749701976776 0.26250001788139343
1 0.4117187559604645 0.6322916746139526 0.1640625 0.23541668057441711
1 0.22421875596046448 0.42604169249534607 0.20156250894069672 0.24791668355464935
1 0.797656238079071 0.5739583373069763 0.13906250894069672 0.18541668355464935
2 0.48906251788139343 0.16979166865348816 0.26875001192092896 0.2979166805744171
1 0.48046875 0.6250000596046448 0.13593749701976776 0.21666668355464935
