1 0.4203124940395355 0.6854166984558105 0.20624999701976776 0.26250001788139343
1 0.8109375238418579 0.6166666746139526 0.13125000894069672 0.17916667461395264
1 0.668749988079071 0.6979166865348816 0.16562500596046448 0.1875000149011612
1 0.6875 0.40000003576278687 0.15000000596046448 0.1666666716337204
1 0.518750011920929 0.46250003576278687 0.171875 0.18333333730697632
1 0.3578124940395355 0.2552083432674408 0.14374999701976776 0.19375000894069672
1 0.18437500298023224 0.21562501788139343 0.16875000298023224 0.23125001788139343
1 0.5390625 0.1458333432674408 0.18437500298023224 0.21250000596046448
1 0.7945312857627869 0.2187500149011612 0.17656250298023224 0.22500000894069672
1 0.20000000298023224 0.6770833730697632 0.15625 0.19166667759418488
1 0.14687500894069672 0.46562501788139343 0.16875000298023224 0.2395833432674408
1 0.561718761920929 0.8760417103767395 0.17031250894069672 0.22291667759418488
2 0.813281238079071 0.8343750238418579 0.37031251192092896 0.33125001192092896
1 0.4203124940395355 0.6854166984558105 0.20624999701976776 0.26250001788139343
1 0.8109375238418579 0.6166666746139526 0.13125000894069672 0.17916667461395264
1 0.668749988079071 0.6979166865348816 0.16562500596046448 0.1875000149011612
1 0.6875 0.40000003576278687 0.15000000596046448 0.1666666716337204
1 0.518750011920929 0.46250003576278687 0.171875 0.18333333730697632
1 0.3578124940395355 0.2552083432674408 0.14374999701976776 0.19375000894069672
1 0.18437500298023224 0.21562501788139343 0.16875000298023224 0.23125001788139343
1 0.5390625 0.1458333432674408 0.18437500298023224 0.21250000596046448
1 0.7945312857627869 0.2187500149011612 0.17656250298023224 0.22500000894069672
1 0.20000000298023224 0.6770833730697632 0.15625 0.19166667759418488
1 0.14687500894069672 0.46562501788139343 0.16875000298023224 0.2395833432674408
1 0.561718761920929 0.8760417103767395 0.17031250894069672 0.22291667759418488
2 0.813281238079071 0.8343750238418579 0.37031251192092896 0.33125001192092896
