1 0.4906249940395355 0.4125000238418579 0.16250000894069672 0.19583334028720856
1 0.3453125059604645 0.1458333432674408 0.16250000894069672 0.19583334028720856
1 0.84375 0.4437500238418579 0.13750000298023224 0.1458333432674408
1 0.9164062738418579 0.7020833492279053 0.16718749701976776 0.21666668355464935
1 0.21640625596046448 0.8416666984558105 0.17031250894069672 0.15833334624767303
1 0.08515625447034836 0.2604166865348816 0.13906250894069672 0.2458333522081375
1 0.6640625 0.4364583492279053 0.1875 0.24375000596046448
1 0.5492187738418579 0.6604167222976685 0.1640625 0.21666668355464935
1 0.9476562738418579 0.07395833730697632 0.10468750447034836 0.14375001192092896
1 0.6640625 0.90520840883255 0.15000000596046448 0.17291668057441711
1 0.08828125149011612 0.7645833492279053 0.14218750596046448 0.17916667461395264
2 0.23281250894069672 0.5864583849906921 0.2718749940395355 0.3229166865348816
2 0.42578125 0.9239583611488342 0.04843750223517418 0.05625000223517418
1 0.4906249940395355 0.4125000238418579 0.16250000894069672 0.19583334028720856
1 0.3453125059604645 0.1458333432674408 0.16250000894069672 0.19583334028720856
1 0.84375 0.4437500238418579 0.13750000298023224 0.1458333432674408
1 0.9164062738418579 0.7020833492279053 0.16718749701976776 0.21666668355464935
1 0.21640625596046448 0.8416666984558105 0.17031250894069672 0.15833334624767303
1 0.08515625447034836 0.2604166865348816 0.13906250894069672 0.2458333522081375
1 0.6640625 0.4364583492279053 0.1875 0.24375000596046448
1 0.5492187738418579 0.6604167222976685 0.1640625 0.21666668355464935
1 0.9476562738418579 0.07395833730697632 0.10468750447034836 0.14375001192092896
1 0.6640625 0.90520840883255 0.15000000596046448 0.17291668057441711
1 0.08828125149011612 0.7645833492279053 0.14218750596046448 0.17916667461395264
2 0.23281250894069672 0.5864583849906921 0.2718749940395355 0.3229166865348816
2 0.42578125 0.9239583611488342 0.04843750223517418 0.05625000223517418
