1 0.16640625894069672 0.8166667222976685 0.17031250894069672 0.25
1 0.38671875 0.7614583969116211 0.22343750298023224 0.21041667461395264
1 0.14531250298023224 0.21250000596046448 0.18437500298023224 0.22500000894069672
1 0.5921875238418579 0.20000001788139343 0.18437500298023224 0.22500000894069672
1 0.4117187559604645 0.2979166805744171 0.18593750894069672 0.25
1 0.914843738079071 0.5114583373069763 0.15468750894069672 0.20625001192092896
1 0.21015624701976776 0.47083336114883423 0.16093750298023224 0.21666668355464935
1 0.25468751788139343 0.38854169845581055 0.13125000894069672 0.1770833432674408
1 0.3843750059604645 0.5333333611488342 0.17812500894069672 0.1875000149011612
1 0.2992187440395355 0.125 0.13906250894069672 0.19166667759418488
1 0.871874988079071 0.25312501192092896 0.17812500894069672 0.20208334922790527
1 0.06328125298023224 0.4166666865348816 0.12343750149011612 0.2458333522081375
1 0.805468738079071 0.4333333671092987 0.09531249850988388 0.13333334028720856
2 0.609375 0.6531250476837158 0.4000000059604645 0.5104166865348816
1 0.16640625894069672 0.8166667222976685 0.17031250894069672 0.25
1 0.38671875 0.7614583969116211 0.22343750298023224 0.21041667461395264
1 0.14531250298023224 0.21250000596046448 0.18437500298023224 0.22500000894069672
1 0.5921875238418579 0.20000001788139343 0.18437500298023224 0.22500000894069672
1 0.4117187559604645 0.2979166805744171 0.18593750894069672 0.25
1 0.914843738079071 0.5114583373069763 0.15468750894069672 0.20625001192092896
1 0.21015624701976776 0.47083336114883423 0.16093750298023224 0.21666668355464935
1 0.25468751788139343 0.38854169845581055 0.13125000894069672 0.1770833432674408
1 0.3843750059604645 0.5333333611488342 0.17812500894069672 0.1875000149011612
1 0.2992187440395355 0.125 0.13906250894069672 0.19166667759418488
1 0.871874988079071 0.25312501192092896 0.17812500894069672 0.20208334922790527
1 0.06328125298023224 0.4166666865348816 0.12343750149011612 0.2458333522081375
1 0.805468738079071 0.4333333671092987 0.09531249850988388 0.13333334028720856
2 0.609375 0.6531250476837158 0.4000000059604645 0.5104166865348816
