2 0.39531251788139343 0.25416669249534607 0.3375000059604645 0.491666704416275
1 0.610156238079071 0.38229167461395264 0.1171875 0.20208334922790527
1 0.6265625357627869 0.1458333432674408 0.14687500894069672 0.24166667461395264
1 0.765625 0.24791668355464935 0.15625 0.17083334922790527
1 0.91796875 0.19895833730697632 0.15781250596046448 0.20208334922790527
1 0.7601562738418579 0.07916667312383652 0.16093750298023224 0.15416666865348816
1 0.7289062738418579 0.8520833849906921 0.17343750596046448 0.2083333432674408
1 0.5 0.9260417222976685 0.16875000298023224 0.14791667461395264
1 0.10546875 0.9125000238418579 0.20781250298023224 0.17500001192092896
1 0.08046875149011612 0.6781250238418579 0.15781250596046448 0.22291667759418488
1 0.17734375596046448 0.24062500894069672 0.16093750298023224 0.22291667759418488
1 0.46796876192092896 0.5302083492279053 0.16093750298023224 0.22291667759418488
1 0.23046875 0.7197917103767395 0.17656250298023224 0.18958334624767303
1 0.940625011920929 0.3958333432674408 0.11874999850988388 0.2083333432674408
0 0.4906249940395355 0.8156250715255737 0.07187499850988388 0.07708333432674408
1 0.6695312857627869 0.5250000357627869 0.17343750596046448 0.2083333432674408
2 0.39531251788139343 0.25416669249534607 0.3375000059604645 0.491666704416275
1 0.610156238079071 0.38229167461395264 0.1171875 0.20208334922790527
1 0.6265625357627869 0.1458333432674408 0.14687500894069672 0.24166667461395264
1 0.765625 0.24791668355464935 0.15625 0.17083334922790527
1 0.91796875 0.19895833730697632 0.15781250596046448 0.20208334922790527
1 0.7601562738418579 0.07916667312383652 0.16093750298023224 0.15416666865348816
1 0.7289062738418579 0.8520833849906921 0.17343750596046448 0.2083333432674408
1 0.5 0.9260417222976685 0.16875000298023224 0.14791667461395264
1 0.10546875 0.9125000238418579 0.20781250298023224 0.17500001192092896
1 0.08046875149011612 0.6781250238418579 0.15781250596046448 0.22291667759418488
1 0.17734375596046448 0.24062500894069672 0.16093750298023224 0.22291667759418488
1 0.46796876192092896 0.5302083492279053 0.16093750298023224 0.22291667759418488
1 0.23046875 0.7197917103767395 0.17656250298023224 0.18958334624767303
1 0.940625011920929 0.3958333432674408 0.11874999850988388 0.2083333432674408
0 0.4906249940395355 0.8156250715255737 0.07187499850988388 0.07708333432674408
1 0.6695312857627869 0.5250000357627869 0.17343750596046448 0.2083333432674408
