1 0.6820312738418579 0.3437500298023224 0.19218750298023224 0.2083333432674408
1 0.5296875238418579 0.6833333969116211 0.1875 0.2666666805744171
1 0.7867187857627869 0.5166667103767395 0.17656250298023224 0.2458333522081375
1 0.2945312559604645 0.8156250715255737 0.2109375 0.21041667461395264
1 0.05937499925494194 0.3593750298023224 0.11562500149011612 0.2979166805744171
1 0.606249988079071 0.13333334028720856 0.203125 0.24166667461395264
1 0.772656261920929 0.125 0.1328125 0.2458333522081375
1 0.9234375357627869 0.6687500476837158 0.15312500298023224 0.25833335518836975
1 0.9296875 0.37187501788139343 0.140625 0.22708334028720856
1 0.9320312738418579 0.08958333730697632 0.13593749701976776 0.17500001192092896
1 0.571093738079071 0.8927083611488342 0.18593750894069672 0.21458333730697632
0 0.8140625357627869 0.35729169845581055 0.046875 0.06458333879709244
0 0.6429687738418579 0.5010417103767395 0.08281250298023224 0.09791667014360428
2 0.4281249940395355 0.3750000298023224 0.3062500059604645 0.36666667461395264
1 0.6820312738418579 0.3437500298023224 0.19218750298023224 0.2083333432674408
1 0.5296875238418579 0.6833333969116211 0.1875 0.2666666805744171
1 0.7867187857627869 0.5166667103767395 0.17656250298023224 0.2458333522081375
1 0.2945312559604645 0.8156250715255737 0.2109375 0.21041667461395264
1 0.05937499925494194 0.3593750298023224 0.11562500149011612 0.2979166805744171
1 0.606249988079071 0.13333334028720856 0.203125 0.24166667461395264
1 0.772656261920929 0.125 0.1328125 0.2458333522081375
1 0.9234375357627869 0.6687500476837158 0.15312500298023224 0.25833335518836975
1 0.9296875 0.37187501788139343 0.140625 0.22708334028720856
1 0.9320312738418579 0.08958333730697632 0.13593749701976776 0.17500001192092896
1 0.571093738079071 0.8927083611488342 0.18593750894069672 0.21458333730697632
0 0.8140625357627869 0.35729169845581055 0.046875 0.06458333879709244
0 0.6429687738418579 0.5010417103767395 0.08281250298023224 0.09791667014360428
2 0.4281249940395355 0.3750000298023224 0.3062500059604645 0.36666667461395264
