1 0.4429687559604645 0.12916667759418488 0.17031250894069672 0.2291666716337204
1 0.48906251788139343 0.581250011920929 0.171875 0.22500000894069672
1 0.20624999701976776 0.5833333730697632 0.171875 0.22500000894069672
1 0.25 0.2916666865348816 0.22500000894069672 0.34166669845581055
1 0.8335937857627869 0.753125011920929 0.20156250894069672 0.24375000596046448
1 0.715624988079071 0.6802083849906921 0.17812500894069672 0.22291667759418488
1 0.3343749940395355 0.7666667103767395 0.171875 0.22500000894069672
1 0.8359375 0.5864583849906921 0.17812500894069672 0.22291667759418488
1 0.10312499850988388 0.7625000476837158 0.171875 0.22500000894069672
2 0.553906261920929 0.8677083849906921 0.2671875059604645 0.2645833492279053
0 0.3140625059604645 0.47187501192092896 0.06875000149011612 0.07708333432674408
0 0.21250000596046448 0.0364583358168602 0.06562500447034836 0.06875000149011612
1 0.4429687559604645 0.12916667759418488 0.17031250894069672 0.2291666716337204
1 0.48906251788139343 0.581250011920929 0.171875 0.22500000894069672
1 0.20624999701976776 0.5833333730697632 0.171875 0.22500000894069672
1 0.25 0.2916666865348816 0.22500000894069672 0.34166669845581055
1 0.8335937857627869 0.753125011920929 0.20156250894069672 0.24375000596046448
1 0.715624988079071 0.6802083849906921 0.17812500894069672 0.22291667759418488
1 0.3343749940395355 0.7666667103767395 0.171875 0.22500000894069672
1 0.8359375 0.5864583849906921 0.17812500894069672 0.22291667759418488
1 0.10312499850988388 0.7625000476837158 0.171875 0.22500000894069672
2 0.553906261920929 0.8677083849906921 0.2671875059604645 0.2645833492279053
0 0.3140625059604645 0.47187501192092896 0.06875000149011612 0.07708333432674408
0 0.21250000596046448 0.0364583358168602 0.06562500447034836 0.06875000149011612
