1 0.3140625059604645 0.4270833432674408 0.13437500596046448 0.20416668057441711
1 0.22031250596046448 0.4270833432674408 0.13437500596046448 0.20416668057441711
1 0.30390626192092896 0.8302083611488342 0.15156249701976776 0.20208334922790527
1 0.58203125 0.8989583849906921 0.15156249701976776 0.20208334922790527
1 0.4664062559604645 0.5854166746139526 0.12968750298023224 0.23750001192092896
1 0.87890625 0.6708333492279053 0.15468750894069672 0.23333334922790527
1 0.9515625238418579 0.29375001788139343 0.09687500447034836 0.2291666716337204
2 0.6703125238418579 0.5895833373069763 0.34687501192092896 0.40000003576278687
1 0.29609376192092896 0.24270834028720856 0.1640625 0.1979166716337204
1 0.45390626788139343 0.21145834028720856 0.1640625 0.1979166716337204
1 0.5562500357627869 0.1458333432674408 0.17812500894069672 0.20000001788139343
1 0.3140625059604645 0.4270833432674408 0.13437500596046448 0.20416668057441711
1 0.22031250596046448 0.4270833432674408 0.13437500596046448 0.20416668057441711
1 0.30390626192092896 0.8302083611488342 0.15156249701976776 0.20208334922790527
1 0.58203125 0.8989583849906921 0.15156249701976776 0.20208334922790527
1 0.4664062559604645 0.5854166746139526 0.12968750298023224 0.23750001192092896
1 0.87890625 0.6708333492279053 0.15468750894069672 0.23333334922790527
1 0.9515625238418579 0.29375001788139343 0.09687500447034836 0.2291666716337204
2 0.6703125238418579 0.5895833373069763 0.34687501192092896 0.40000003576278687
1 0.29609376192092896 0.24270834028720856 0.1640625 0.1979166716337204
1 0.45390626788139343 0.21145834028720856 0.1640625 0.1979166716337204
1 0.5562500357627869 0.1458333432674408 0.17812500894069672 0.20000001788139343
