1 0.05546874925494194 0.8187500238418579 0.10781250149011612 0.20000001788139343
1 0.140625 0.6739583611488342 0.16562500596046448 0.2187500149011612
1 0.27812501788139343 0.5614583492279053 0.16562500596046448 0.2187500149011612
1 0.3046875 0.8739583492279053 0.16562500596046448 0.2187500149011612
1 0.4164062440395355 0.7156250476837158 0.15156249701976776 0.1979166716337204
1 0.515625 0.8812500238418579 0.14687500894069672 0.2291666716337204
1 0.7734375 0.6333333849906921 0.17812500894069672 0.22500000894069672
1 0.729687511920929 0.3916666805744171 0.17499999701976776 0.2291666716337204
1 0.19140625 0.21666668355464935 0.1640625 0.2291666716337204
1 0.75390625 0.14166668057441711 0.1640625 0.2291666716337204
1 0.5875000357627869 0.6500000357627869 0.17812500894069672 0.22500000894069672
1 0.7359375357627869 0.9020833969116211 0.15937499701976776 0.19583334028720856
1 0.936718761920929 0.8010417222976685 0.12656250596046448 0.22708334028720856
2 0.4273437559604645 0.3062500059604645 0.3609375059604645 0.46666669845581055
0 0.8726562857627869 0.39375001192092896 0.12343750149011612 0.1458333432674408
0 0.84375 0.03958333656191826 0.07187499850988388 0.07500000298023224
1 0.05546874925494194 0.8187500238418579 0.10781250149011612 0.20000001788139343
1 0.140625 0.6739583611488342 0.16562500596046448 0.2187500149011612
1 0.27812501788139343 0.5614583492279053 0.16562500596046448 0.2187500149011612
1 0.3046875 0.8739583492279053 0.16562500596046448 0.2187500149011612
1 0.4164062440395355 0.7156250476837158 0.15156249701976776 0.1979166716337204
1 0.515625 0.8812500238418579 0.14687500894069672 0.2291666716337204
1 0.7734375 0.6333333849906921 0.17812500894069672 0.22500000894069672
1 0.729687511920929 0.3916666805744171 0.17499999701976776 0.2291666716337204
1 0.19140625 0.21666668355464935 0.1640625 0.2291666716337204
1 0.75390625 0.14166668057441711 0.1640625 0.2291666716337204
1 0.5875000357627869 0.6500000357627869 0.17812500894069672 0.22500000894069672
1 0.7359375357627869 0.9020833969116211 0.15937499701976776 0.19583334028720856
1 0.936718761920929 0.8010417222976685 0.12656250596046448 0.22708334028720856
2 0.4273437559604645 0.3062500059604645 0.3609375059604645 0.46666669845581055
0 0.8726562857627869 0.39375001192092896 0.12343750149011612 0.1458333432674408
0 0.84375 0.03958333656191826 0.07187499850988388 0.07500000298023224
