1 0.3257812559604645 0.7281250357627869 0.15468750894069672 0.20625001192092896
1 0.831250011920929 0.7041667103767395 0.16250000894069672 0.17083334922790527
1 0.2874999940395355 0.48854169249534607 0.16875000298023224 0.21458333730697632
1 0.41875001788139343 0.5416666865348816 0.18125000596046448 0.2666666805744171
1 0.67578125 0.737500011920929 0.17656250298023224 0.20416668057441711
1 0.29218751192092896 0.20625001192092896 0.15937499701976776 0.18333333730697632
1 0.6578125357627869 0.10208334028720856 0.19375000894069672 0.20000001788139343
2 0.727343738079071 0.4593750238418579 0.3296875059604645 0.4020833671092987
2 0.8265625238418579 0.8968750238418579 0.34687501192092896 0.20208334922790527
1 0.3257812559604645 0.7281250357627869 0.15468750894069672 0.20625001192092896
1 0.831250011920929 0.7041667103767395 0.16250000894069672 0.17083334922790527
1 0.2874999940395355 0.48854169249534607 0.16875000298023224 0.21458333730697632
1 0.41875001788139343 0.5416666865348816 0.18125000596046448 0.2666666805744171
1 0.67578125 0.737500011920929 0.17656250298023224 0.20416668057441711
1 0.29218751192092896 0.20625001192092896 0.15937499701976776 0.18333333730697632
1 0.6578125357627869 0.10208334028720856 0.19375000894069672 0.20000001788139343
2 0.727343738079071 0.4593750238418579 0.3296875059604645 0.4020833671092987
2 0.8265625238418579 0.8968750238418579 0.34687501192092896 0.20208334922790527
