1 0.10859375447034836 0.4947916865348816 0.15156249701976776 0.21041667461395264
1 0.37890625 0.29479166865348816 0.15156249701976776 0.21041667461395264
1 0.9242187738418579 0.5843750238418579 0.15156249701976776 0.21041667461395264
1 0.764843761920929 0.38854169845581055 0.18281249701976776 0.2187500149011612
1 0.4007812440395355 0.5250000357627869 0.14531250298023224 0.20416668057441711
1 0.25312501192092896 0.08541667461395264 0.13750000298023224 0.1666666716337204
1 0.33281251788139343 0.8572916984558105 0.13750000298023224 0.16875000298023224
1 0.15703125298023224 0.265625 0.1953125 0.20625001192092896
1 0.676562488079071 0.22604167461395264 0.15625 0.1979166716337204
2 0.671093761920929 0.7416667342185974 0.19843749701976776 0.25416669249534607
1 0.10859375447034836 0.4947916865348816 0.15156249701976776 0.21041667461395264
1 0.37890625 0.29479166865348816 0.15156249701976776 0.21041667461395264
1 0.9242187738418579 0.5843750238418579 0.15156249701976776 0.21041667461395264
1 0.764843761920929 0.38854169845581055 0.18281249701976776 0.2187500149011612
1 0.4007812440395355 0.5250000357627869 0.14531250298023224 0.20416668057441711
1 0.25312501192092896 0.08541667461395264 0.13750000298023224 0.1666666716337204
1 0.33281251788139343 0.8572916984558105 0.13750000298023224 0.16875000298023224
1 0.15703125298023224 0.265625 0.1953125 0.20625001192092896
1 0.676562488079071 0.22604167461395264 0.15625 0.1979166716337204
2 0.671093761920929 0.7416667342185974 0.19843749701976776 0.25416669249534607
