1 0.7007812857627869 0.23333334922790527 0.15156249701976776 0.2666666805744171
1 0.891406238079071 0.5010417103767395 0.15781250596046448 0.2187500149011612
1 0.8179687857627869 0.09270834177732468 0.16718749701976776 0.18125000596046448
1 0.30156251788139343 0.47291669249534607 0.16875000298023224 0.20000001788139343
1 0.3882812559604645 0.8437500596046448 0.17031250894069672 0.23750001192092896
1 0.6171875 0.8500000238418579 0.15937499701976776 0.19166667759418488
1 0.29375001788139343 0.6625000238418579 0.16875000298023224 0.20000001788139343
1 0.24296875298023224 0.8770833611488342 0.17343750596046448 0.24166667461395264
1 0.48046875 0.3187500238418579 0.17343750596046448 0.15416666865348816
1 0.4164062440395355 0.12083333730697632 0.1015625 0.23750001192092896
1 0.871874988079071 0.2604166865348816 0.14374999701976776 0.1875000149011612
1 0.780468761920929 0.8312500715255737 0.1484375 0.20416668057441711
1 0.07265625149011612 0.6114583611488342 0.14218750596046448 0.2187500149011612
2 0.48515626788139343 0.596875011920929 0.33906251192092896 0.43958336114883423
1 0.7007812857627869 0.23333334922790527 0.15156249701976776 0.2666666805744171
1 0.891406238079071 0.5010417103767395 0.15781250596046448 0.2187500149011612
1 0.8179687857627869 0.09270834177732468 0.16718749701976776 0.18125000596046448
1 0.30156251788139343 0.47291669249534607 0.16875000298023224 0.20000001788139343
1 0.3882812559604645 0.8437500596046448 0.17031250894069672 0.23750001192092896
1 0.6171875 0.8500000238418579 0.15937499701976776 0.19166667759418488
1 0.29375001788139343 0.6625000238418579 0.16875000298023224 0.20000001788139343
1 0.24296875298023224 0.8770833611488342 0.17343750596046448 0.24166667461395264
1 0.48046875 0.3187500238418579 0.17343750596046448 0.15416666865348816
1 0.4164062440395355 0.12083333730697632 0.1015625 0.23750001192092896
1 0.871874988079071 0.2604166865348816 0.14374999701976776 0.1875000149011612
1 0.780468761920929 0.8312500715255737 0.1484375 0.20416668057441711
1 0.07265625149011612 0.6114583611488342 0.14218750596046448 0.2187500149011612
2 0.48515626788139343 0.596875011920929 0.33906251192092896 0.43958336114883423
