1 0.36796876788139343 0.34583336114883423 0.16093750298023224 0.25416669249534607
1 0.20390625298023224 0.30104169249534607 0.17343750596046448 0.24791668355464935
1 0.5453125238418579 0.550000011920929 0.18125000596046448 0.2875000238418579
1 0.866406261920929 0.7604166865348816 0.17031250894069672 0.21666668355464935
1 0.49609375 0.21770834922790527 0.15156249701976776 0.21041667461395264
1 0.2734375 0.07604166865348816 0.14687500894069672 0.14791667461395264
1 0.82421875 0.4635416865348816 0.15156249701976776 0.21041667461395264
1 0.885937511920929 0.17812500894069672 0.18437500298023224 0.2395833432674408
1 0.07109375298023224 0.4677083492279053 0.13906250894069672 0.22708334028720856
1 0.715624988079071 0.7697917222976685 0.13437500596046448 0.1979166716337204
1 0.680468738079071 0.30520835518836975 0.15156249701976776 0.21041667461395264
2 0.3773437440395355 0.8260416984558105 0.30781251192092896 0.34791669249534607
1 0.36796876788139343 0.34583336114883423 0.16093750298023224 0.25416669249534607
1 0.20390625298023224 0.30104169249534607 0.17343750596046448 0.24791668355464935
1 0.5453125238418579 0.550000011920929 0.18125000596046448 0.2875000238418579
1 0.866406261920929 0.7604166865348816 0.17031250894069672 0.21666668355464935
1 0.49609375 0.21770834922790527 0.15156249701976776 0.21041667461395264
1 0.2734375 0.07604166865348816 0.14687500894069672 0.14791667461395264
1 0.82421875 0.4635416865348816 0.15156249701976776 0.21041667461395264
1 0.885937511920929 0.17812500894069672 0.18437500298023224 0.2395833432674408
1 0.07109375298023224 0.4677083492279053 0.13906250894069672 0.22708334028720856
1 0.715624988079071 0.7697917222976685 0.13437500596046448 0.1979166716337204
1 0.680468738079071 0.30520835518836975 0.15156249701976776 0.21041667461395264
2 0.3773437440395355 0.8260416984558105 0.30781251192092896 0.34791669249534607
