2 0.742968738079071 0.10729166865348816 0.27656251192092896 0.21041667461395264
1 0.36328125 0.1197916716337204 0.17031250894069672 0.23125001788139343
1 0.2632812559604645 0.4364583492279053 0.17031250894069672 0.23125001788139343
1 0.24453125894069672 0.24062500894069672 0.17031250894069672 0.23125001788139343
1 0.15078125894069672 0.2614583373069763 0.17031250894069672 0.23125001788139343
1 0.07421875 0.3531250059604645 0.14531250298023224 0.2395833432674408
1 0.08984375 0.47708335518836975 0.17343750596046448 0.24166667461395264
1 0.749218761920929 0.6833333969116211 0.17343750596046448 0.24166667461395264
1 0.35546875 0.8562500476837158 0.17031250894069672 0.20416668057441711
1 0.21953125298023224 0.8479167222976685 0.17031250894069672 0.20416668057441711
1 0.4710937440395355 0.4125000238418579 0.15156249701976776 0.19583334028720856
1 0.86328125 0.5104166865348816 0.17343750596046448 0.20416668057441711
1 0.5804687738418579 0.8562500476837158 0.17031250894069672 0.25
1 0.41484376788139343 0.7020833492279053 0.19843749701976776 0.23750001192092896
1 0.5601562857627869 0.5395833849906921 0.19843749701976776 0.23750001192092896
1 0.7890625 0.31666669249534607 0.21562500298023224 0.24166667461395264
1 0.547656238079071 0.28333336114883423 0.17656250298023224 0.24166667461395264
0 0.2593750059604645 0.596875011920929 0.0625 0.0729166716337204
0 0.47187501192092896 0.9218750596046448 0.0625 0.0729166716337204
2 0.742968738079071 0.10729166865348816 0.27656251192092896 0.21041667461395264
1 0.36328125 0.1197916716337204 0.17031250894069672 0.23125001788139343
1 0.2632812559604645 0.4364583492279053 0.17031250894069672 0.23125001788139343
1 0.24453125894069672 0.24062500894069672 0.17031250894069672 0.23125001788139343
1 0.15078125894069672 0.2614583373069763 0.17031250894069672 0.23125001788139343
1 0.07421875 0.3531250059604645 0.14531250298023224 0.2395833432674408
1 0.08984375 0.47708335518836975 0.17343750596046448 0.24166667461395264
1 0.749218761920929 0.6833333969116211 0.17343750596046448 0.24166667461395264
1 0.35546875 0.8562500476837158 0.17031250894069672 0.20416668057441711
1 0.21953125298023224 0.8479167222976685 0.17031250894069672 0.20416668057441711
1 0.4710937440395355 0.4125000238418579 0.15156249701976776 0.19583334028720856
1 0.86328125 0.5104166865348816 0.17343750596046448 0.20416668057441711
1 0.5804687738418579 0.8562500476837158 0.17031250894069672 0.25
1 0.41484376788139343 0.7020833492279053 0.19843749701976776 0.23750001192092896
1 0.5601562857627869 0.5395833849906921 0.19843749701976776 0.23750001192092896
1 0.7890625 0.31666669249534607 0.21562500298023224 0.24166667461395264
1 0.547656238079071 0.28333336114883423 0.17656250298023224 0.24166667461395264
0 0.2593750059604645 0.596875011920929 0.0625 0.0729166716337204
0 0.47187501192092896 0.9218750596046448 0.0625 0.0729166716337204
