2 0.27656251192092896 0.8281250596046448 0.34062501788139343 0.3437500298023224
1 0.6187500357627869 0.8489583730697632 0.15625 0.19375000894069672
1 0.15546874701976776 0.49791669845581055 0.14531250298023224 0.25
1 0.76953125 0.9166666865348816 0.13593749701976776 0.1666666716337204
1 0.788281261920929 0.3583333492279053 0.13593749701976776 0.1666666716337204
1 0.77734375 0.6979166865348816 0.13593749701976776 0.1666666716337204
1 0.72265625 0.6937500238418579 0.14218750596046448 0.2083333432674408
1 0.5054687857627869 0.8260416984558105 0.14218750596046448 0.22708334028720856
1 0.922656238079071 0.2302083522081375 0.14218750596046448 0.20208334922790527
1 0.828906238079071 0.2906250059604645 0.14218750596046448 0.20208334922790527
1 0.635937511920929 0.44166669249534607 0.09687500447034836 0.17083334922790527
1 0.565625011920929 0.46666669845581055 0.10312499850988388 0.19583334028720856
1 0.5453125238418579 0.23645834624767303 0.18125000596046448 0.22708334028720856
1 0.5492187738418579 0.07187500596046448 0.1640625 0.13958333432674408
1 0.62109375 0.17083334922790527 0.16093750298023224 0.23333334922790527
1 0.29296875 0.10000000894069672 0.16718749701976776 0.19583334028720856
1 0.07734375447034836 0.21041667461395264 0.15156249701976776 0.26250001788139343
1 0.3296875059604645 0.44166669249534607 0.14374999701976776 0.21666668355464935
1 0.8046875 0.550000011920929 0.15937499701976776 0.2291666716337204
2 0.27656251192092896 0.8281250596046448 0.34062501788139343 0.3437500298023224
1 0.6187500357627869 0.8489583730697632 0.15625 0.19375000894069672
1 0.15546874701976776 0.49791669845581055 0.14531250298023224 0.25
1 0.76953125 0.9166666865348816 0.13593749701976776 0.1666666716337204
1 0.788281261920929 0.3583333492279053 0.13593749701976776 0.1666666716337204
1 0.77734375 0.6979166865348816 0.13593749701976776 0.1666666716337204
1 0.72265625 0.6937500238418579 0.14218750596046448 0.2083333432674408
1 0.5054687857627869 0.8260416984558105 0.14218750596046448 0.22708334028720856
1 0.922656238079071 0.2302083522081375 0.14218750596046448 0.20208334922790527
1 0.828906238079071 0.2906250059604645 0.14218750596046448 0.20208334922790527
1 0.635937511920929 0.44166669249534607 0.09687500447034836 0.17083334922790527
1 0.565625011920929 0.46666669845581055 0.10312499850988388 0.19583334028720856
1 0.5453125238418579 0.23645834624767303 0.18125000596046448 0.22708334028720856
1 0.5492187738418579 0.07187500596046448 0.1640625 0.13958333432674408
1 0.62109375 0.17083334922790527 0.16093750298023224 0.23333334922790527
1 0.29296875 0.10000000894069672 0.16718749701976776 0.19583334028720856
1 0.07734375447034836 0.21041667461395264 0.15156249701976776 0.26250001788139343
1 0.3296875059604645 0.44166669249534607 0.14374999701976776 0.21666668355464935
1 0.8046875 0.550000011920929 0.15937499701976776 0.2291666716337204
