1 0.20000000298023224 0.7718750238418579 0.16250000894069672 0.21458333730697632
1 0.2992187440395355 0.6541666984558105 0.17031250894069672 0.2291666716337204
1 0.46171876788139343 0.7322916984558105 0.18281249701976776 0.22708334028720856
1 0.46015626192092896 0.8989583849906921 0.18281249701976776 0.20208334922790527
1 0.657031238079071 0.8260416984558105 0.18593750894069672 0.23125001788139343
1 0.803906261920929 0.48645836114883423 0.18593750894069672 0.23125001788139343
1 0.6148437857627869 0.5864583849906921 0.19843749701976776 0.24791668355464935
1 0.12578125298023224 0.48645836114883423 0.17343750596046448 0.21458333730697632
1 0.15468750894069672 0.2718750238418579 0.17499999701976776 0.20625001192092896
1 0.1953125 0.08645834028720856 0.16875000298023224 0.16875000298023224
1 0.7203125357627869 0.29479166865348816 0.14374999701976776 0.18958334624767303
1 0.817187488079071 0.2760416865348816 0.14374999701976776 0.18958334624767303
1 0.9281250238418579 0.09583333879709244 0.14374999701976776 0.1875000149011612
1 0.780468761920929 0.09166666865348816 0.14531250298023224 0.17916667461395264
1 0.9164062738418579 0.7989583611488342 0.16718749701976776 0.23541668057441711
1 0.7710937857627869 0.7250000238418579 0.19843749701976776 0.25
2 0.4242187440395355 0.21562501788139343 0.40156251192092896 0.3854166865348816
1 0.20000000298023224 0.7718750238418579 0.16250000894069672 0.21458333730697632
1 0.2992187440395355 0.6541666984558105 0.17031250894069672 0.2291666716337204
1 0.46171876788139343 0.7322916984558105 0.18281249701976776 0.22708334028720856
1 0.46015626192092896 0.8989583849906921 0.18281249701976776 0.20208334922790527
1 0.657031238079071 0.8260416984558105 0.18593750894069672 0.23125001788139343
1 0.803906261920929 0.48645836114883423 0.18593750894069672 0.23125001788139343
1 0.6148437857627869 0.5864583849906921 0.19843749701976776 0.24791668355464935
1 0.12578125298023224 0.48645836114883423 0.17343750596046448 0.21458333730697632
1 0.15468750894069672 0.2718750238418579 0.17499999701976776 0.20625001192092896
1 0.1953125 0.08645834028720856 0.16875000298023224 0.16875000298023224
1 0.7203125357627869 0.29479166865348816 0.14374999701976776 0.18958334624767303
1 0.817187488079071 0.2760416865348816 0.14374999701976776 0.18958334624767303
1 0.9281250238418579 0.09583333879709244 0.14374999701976776 0.1875000149011612
1 0.780468761920929 0.09166666865348816 0.14531250298023224 0.17916667461395264
1 0.9164062738418579 0.7989583611488342 0.16718749701976776 0.23541668057441711
1 0.7710937857627869 0.7250000238418579 0.19843749701976776 0.25
2 0.4242187440395355 0.21562501788139343 0.40156251192092896 0.3854166865348816
