1 0.6937500238418579 0.3333333432674408 0.15000000596046448 0.19583334028720856
1 0.359375 0.4208333492279053 0.14687500894069672 0.34583336114883423
1 0.671093761920929 0.5406250357627869 0.1640625 0.23125001788139343
1 0.870312511920929 0.3395833373069763 0.20937500894069672 0.30000001192092896
1 0.9117187857627869 0.10208334028720856 0.17656250298023224 0.20000001788139343
1 0.22968749701976776 0.6604167222976685 0.171875 0.22083334624767303
2 0.54296875 0.2395833432674408 0.30781251192092896 0.3750000298023224
1 0.6937500238418579 0.3333333432674408 0.15000000596046448 0.19583334028720856
1 0.359375 0.4208333492279053 0.14687500894069672 0.34583336114883423
1 0.671093761920929 0.5406250357627869 0.1640625 0.23125001788139343
1 0.870312511920929 0.3395833373069763 0.20937500894069672 0.30000001192092896
1 0.9117187857627869 0.10208334028720856 0.17656250298023224 0.20000001788139343
1 0.22968749701976776 0.6604167222976685 0.171875 0.22083334624767303
2 0.54296875 0.2395833432674408 0.30781251192092896 0.3750000298023224
