1 0.33125001192092896 0.6270833611488342 0.18125000596046448 0.2291666716337204
1 0.27656251192092896 0.4072916805744171 0.15312500298023224 0.18958334624767303
1 0.11406250298023224 0.09583333879709244 0.19375000894069672 0.1875000149011612
1 0.797656238079071 0.16354167461395264 0.15468750894069672 0.19375000894069672
1 0.80078125 0.7479166984558105 0.15781250596046448 0.20000001788139343
1 0.534375011920929 0.8104166984558105 0.171875 0.2083333432674408
1 0.11953125149011612 0.5302083492279053 0.21406249701976776 0.22291667759418488
1 0.07187499850988388 0.3177083432674408 0.140625 0.18958334624767303
1 0.7601562738418579 0.550000011920929 0.15781250596046448 0.20000001788139343
1 0.657031238079071 0.15729168057441711 0.17343750596046448 0.20208334922790527
2 0.47578126192092896 0.3427083492279053 0.33906251192092896 0.4479166865348816
1 0.33125001192092896 0.6270833611488342 0.18125000596046448 0.2291666716337204
1 0.27656251192092896 0.4072916805744171 0.15312500298023224 0.18958334624767303
1 0.11406250298023224 0.09583333879709244 0.19375000894069672 0.1875000149011612
1 0.797656238079071 0.16354167461395264 0.15468750894069672 0.19375000894069672
1 0.80078125 0.7479166984558105 0.15781250596046448 0.20000001788139343
1 0.534375011920929 0.8104166984558105 0.171875 0.2083333432674408
1 0.11953125149011612 0.5302083492279053 0.21406249701976776 0.22291667759418488
1 0.07187499850988388 0.3177083432674408 0.140625 0.18958334624767303
1 0.7601562738418579 0.550000011920929 0.15781250596046448 0.20000001788139343
1 0.657031238079071 0.15729168057441711 0.17343750596046448 0.20208334922790527
2 0.47578126192092896 0.3427083492279053 0.33906251192092896 0.4479166865348816
