1 0.3515625 0.491666704416275 0.171875 0.21250000596046448
1 0.714062511920929 0.5541666746139526 0.171875 0.21250000596046448
1 0.8687500357627869 0.737500011920929 0.171875 0.21250000596046448
1 0.854687511920929 0.23750001192092896 0.171875 0.21250000596046448
1 0.08749999850988388 0.17395834624767303 0.171875 0.2187500149011612
1 0.3265624940395355 0.7260417342185974 0.19062499701976776 0.21458333730697632
1 0.5062500238418579 0.26979169249534607 0.19062499701976776 0.21458333730697632
1 0.74609375 0.3958333432674408 0.16093750298023224 0.17916667461395264
1 0.2992187440395355 0.09062500298023224 0.16093750298023224 0.1770833432674408
0 0.13828125596046448 0.34583336114883423 0.0703125 0.09166666865348816
2 0.581250011920929 0.8041667342185974 0.3499999940395355 0.3916666805744171
1 0.3515625 0.491666704416275 0.171875 0.21250000596046448
1 0.714062511920929 0.5541666746139526 0.171875 0.21250000596046448
1 0.8687500357627869 0.737500011920929 0.171875 0.21250000596046448
1 0.854687511920929 0.23750001192092896 0.171875 0.21250000596046448
1 0.08749999850988388 0.17395834624767303 0.171875 0.2187500149011612
1 0.3265624940395355 0.7260417342185974 0.19062499701976776 0.21458333730697632
1 0.5062500238418579 0.26979169249534607 0.19062499701976776 0.21458333730697632
1 0.74609375 0.3958333432674408 0.16093750298023224 0.17916667461395264
1 0.2992187440395355 0.09062500298023224 0.16093750298023224 0.1770833432674408
0 0.13828125596046448 0.34583336114883423 0.0703125 0.09166666865348816
2 0.581250011920929 0.8041667342185974 0.3499999940395355 0.3916666805744171
