2 0.3226562440395355 0.4697916805744171 0.3046875 0.4437500238418579
1 0.6382812857627869 0.5 0.13906250894069672 0.16250000894069672
1 0.719531238079071 0.42916667461395264 0.13906250894069672 0.16250000894069672
1 0.7867187857627869 0.3125000298023224 0.13906250894069672 0.16250000894069672
1 0.7914062738418579 0.39791667461395264 0.13906250894069672 0.20416668057441711
1 0.844531238079071 0.41979169845581055 0.11093749850988388 0.16041667759418488
1 0.827343761920929 0.5906250476837158 0.16718749701976776 0.20208334922790527
1 0.10234375298023224 0.7343750596046448 0.16093750298023224 0.23541668057441711
1 0.4164062440395355 0.125 0.14531250298023224 0.21666668355464935
1 0.6070312857627869 0.2083333432674408 0.14531250298023224 0.21666668355464935
1 0.586718738079071 0.2645833492279053 0.18281249701976776 0.22083334624767303
1 0.4765625 0.2604166865348816 0.14687500894069672 0.19166667759418488
1 0.7046875357627869 0.7135416865348816 0.14687500894069672 0.21458333730697632
1 0.3843750059604645 0.8093750476837158 0.14687500894069672 0.21458333730697632
1 0.23125000298023224 0.8843750357627869 0.19687500596046448 0.2187500149011612
1 0.24687500298023224 0.12291667610406876 0.16875000298023224 0.24166667461395264
0 0.16171875596046448 0.36354169249534607 0.05781250074505806 0.08958333730697632
1 0.48125001788139343 0.93645840883255 0.14374999701976776 0.12708334624767303
1 0.07421875 0.26770836114883423 0.14531250298023224 0.21458333730697632
2 0.3226562440395355 0.4697916805744171 0.3046875 0.4437500238418579
1 0.6382812857627869 0.5 0.13906250894069672 0.16250000894069672
1 0.719531238079071 0.42916667461395264 0.13906250894069672 0.16250000894069672
1 0.7867187857627869 0.3125000298023224 0.13906250894069672 0.16250000894069672
1 0.7914062738418579 0.39791667461395264 0.13906250894069672 0.20416668057441711
1 0.844531238079071 0.41979169845581055 0.11093749850988388 0.16041667759418488
1 0.827343761920929 0.5906250476837158 0.16718749701976776 0.20208334922790527
1 0.10234375298023224 0.7343750596046448 0.16093750298023224 0.23541668057441711
1 0.4164062440395355 0.125 0.14531250298023224 0.21666668355464935
1 0.6070312857627869 0.2083333432674408 0.14531250298023224 0.21666668355464935
1 0.586718738079071 0.2645833492279053 0.18281249701976776 0.22083334624767303
1 0.4765625 0.2604166865348816 0.14687500894069672 0.19166667759418488
1 0.7046875357627869 0.7135416865348816 0.14687500894069672 0.21458333730697632
1 0.3843750059604645 0.8093750476837158 0.14687500894069672 0.21458333730697632
1 0.23125000298023224 0.8843750357627869 0.19687500596046448 0.2187500149011612
1 0.24687500298023224 0.12291667610406876 0.16875000298023224 0.24166667461395264
0 0.16171875596046448 0.36354169249534607 0.05781250074505806 0.08958333730697632
1 0.48125001788139343 0.93645840883255 0.14374999701976776 0.12708334624767303
1 0.07421875 0.26770836114883423 0.14531250298023224 0.21458333730697632
