1 0.10859375447034836 0.27291667461395264 0.18281249701976776 0.24166667461395264
1 0.2890625 0.17500001192092896 0.21562500298023224 0.2458333522081375
1 0.9273437857627869 0.7979167103767395 0.14531250298023224 0.19166667759418488
1 0.811718761920929 0.4635416865348816 0.15781250596046448 0.19375000894069672
1 0.41796875 0.49270835518836975 0.16718749701976776 0.19375000894069672
1 0.33984375 0.39895835518836975 0.16093750298023224 0.21458333730697632
1 0.6343750357627869 0.7989583611488342 0.16250000894069672 0.22291667759418488
1 0.809374988079071 0.3270833492279053 0.15937499701976776 0.25
1 0.7679687738418579 0.737500011920929 0.14531250298023224 0.2291666716337204
2 0.569531261920929 0.24791668355464935 0.3203125 0.42500001192092896
0 0.07734375447034836 0.4437500238418579 0.0703125 0.09583333879709244
0 0.8890625238418579 0.9072917103767395 0.07500000298023224 0.0729166716337204
1 0.10859375447034836 0.27291667461395264 0.18281249701976776 0.24166667461395264
1 0.2890625 0.17500001192092896 0.21562500298023224 0.2458333522081375
1 0.9273437857627869 0.7979167103767395 0.14531250298023224 0.19166667759418488
1 0.811718761920929 0.4635416865348816 0.15781250596046448 0.19375000894069672
1 0.41796875 0.49270835518836975 0.16718749701976776 0.19375000894069672
1 0.33984375 0.39895835518836975 0.16093750298023224 0.21458333730697632
1 0.6343750357627869 0.7989583611488342 0.16250000894069672 0.22291667759418488
1 0.809374988079071 0.3270833492279053 0.15937499701976776 0.25
1 0.7679687738418579 0.737500011920929 0.14531250298023224 0.2291666716337204
2 0.569531261920929 0.24791668355464935 0.3203125 0.42500001192092896
0 0.07734375447034836 0.4437500238418579 0.0703125 0.09583333879709244
0 0.8890625238418579 0.9072917103767395 0.07500000298023224 0.0729166716337204
