1 0.7734375 0.18645834922790527 0.15625 0.20208334922790527
1 0.8140625357627869 0.5385416746139526 0.15625 0.20208334922790527
1 0.07890625298023224 0.10208334028720856 0.15468750894069672 0.20000001788139343
1 0.08281250298023224 0.37187501788139343 0.15625 0.20208334922790527
1 0.17656250298023224 0.6572917103767395 0.15625 0.20208334922790527
1 0.620312511920929 0.7781250476837158 0.17812500894069672 0.20625001192092896
1 0.9085937738418579 0.5750000476837158 0.17343750596046448 0.2666666805744171
1 0.48125001788139343 0.6229166984558105 0.16250000894069672 0.17500001192092896
1 0.6039062738418579 0.3583333492279053 0.15781250596046448 0.1875000149011612
1 0.6304687857627869 0.90520840883255 0.15781250596046448 0.18958334624767303
0 0.3265624940395355 0.9343750476837158 0.06875000149011612 0.08958333730697632
0 0.882031261920929 0.8364583849906921 0.0546875 0.06458333879709244
0 0.15078125894069672 0.518750011920929 0.06093750149011612 0.07916667312383652
0 0.18828125298023224 0.13958333432674408 0.0703125 0.07500000298023224
0 0.43437501788139343 0.02812500111758709 0.05937499925494194 0.0520833358168602
2 0.32890626788139343 0.3239583373069763 0.37031251192092896 0.460416704416275
1 0.7734375 0.18645834922790527 0.15625 0.20208334922790527
1 0.8140625357627869 0.5385416746139526 0.15625 0.20208334922790527
1 0.07890625298023224 0.10208334028720856 0.15468750894069672 0.20000001788139343
1 0.08281250298023224 0.37187501788139343 0.15625 0.20208334922790527
1 0.17656250298023224 0.6572917103767395 0.15625 0.20208334922790527
1 0.620312511920929 0.7781250476837158 0.17812500894069672 0.20625001192092896
1 0.9085937738418579 0.5750000476837158 0.17343750596046448 0.2666666805744171
1 0.48125001788139343 0.6229166984558105 0.16250000894069672 0.17500001192092896
1 0.6039062738418579 0.3583333492279053 0.15781250596046448 0.1875000149011612
1 0.6304687857627869 0.90520840883255 0.15781250596046448 0.18958334624767303
0 0.3265624940395355 0.9343750476837158 0.06875000149011612 0.08958333730697632
0 0.882031261920929 0.8364583849906921 0.0546875 0.06458333879709244
0 0.15078125894069672 0.518750011920929 0.06093750149011612 0.07916667312383652
0 0.18828125298023224 0.13958333432674408 0.0703125 0.07500000298023224
0 0.43437501788139343 0.02812500111758709 0.05937499925494194 0.0520833358168602
2 0.32890626788139343 0.3239583373069763 0.37031251192092896 0.460416704416275
