1 0.09765625 0.3552083373069763 0.17031250894069672 0.21458333730697632
1 0.516406238079071 0.10833334177732468 0.17031250894069672 0.21250000596046448
1 0.725781261920929 0.20000001788139343 0.17656250298023224 0.23333334922790527
1 0.9296875 0.5666667222976685 0.140625 0.22500000894069672
1 0.766406238079071 0.5895833373069763 0.15468750894069672 0.20416668057441711
1 0.4921875 0.444791704416275 0.16875000298023224 0.2187500149011612
1 0.49609375 0.6229166984558105 0.16718749701976776 0.25416669249534607
1 0.40937501192092896 0.7572917342185974 0.18437500298023224 0.18958334624767303
1 0.539843738079071 0.8906250596046448 0.18593750894069672 0.2187500149011612
1 0.28203126788139343 0.47291669249534607 0.21718750894069672 0.2875000238418579
1 0.8203125 0.3812500238418579 0.21250000596046448 0.2458333522081375
1 0.41796875 0.26770836114883423 0.17031250894069672 0.21458333730697632
2 0.7757812738418579 0.8552083969116211 0.3359375 0.28958335518836975
1 0.09765625 0.3552083373069763 0.17031250894069672 0.21458333730697632
1 0.516406238079071 0.10833334177732468 0.17031250894069672 0.21250000596046448
1 0.725781261920929 0.20000001788139343 0.17656250298023224 0.23333334922790527
1 0.9296875 0.5666667222976685 0.140625 0.22500000894069672
1 0.766406238079071 0.5895833373069763 0.15468750894069672 0.20416668057441711
1 0.4921875 0.444791704416275 0.16875000298023224 0.2187500149011612
1 0.49609375 0.6229166984558105 0.16718749701976776 0.25416669249534607
1 0.40937501192092896 0.7572917342185974 0.18437500298023224 0.18958334624767303
1 0.539843738079071 0.8906250596046448 0.18593750894069672 0.2187500149011612
1 0.28203126788139343 0.47291669249534607 0.21718750894069672 0.2875000238418579
1 0.8203125 0.3812500238418579 0.21250000596046448 0.2458333522081375
1 0.41796875 0.26770836114883423 0.17031250894069672 0.21458333730697632
2 0.7757812738418579 0.8552083969116211 0.3359375 0.28958335518836975
