1 0.36640626192092896 0.5166667103767395 0.20468750596046448 0.2875000238418579
1 0.7367187738418579 0.8218750357627869 0.15156249701976776 0.24375000596046448
1 0.907031238079071 0.8677083849906921 0.15156249701976776 0.24375000596046448
1 0.625781238079071 0.18125000596046448 0.1484375 0.20000001788139343
1 0.621874988079071 0.3843750059604645 0.16562500596046448 0.25208336114883423
1 0.565625011920929 0.6114583611488342 0.16562500596046448 0.25208336114883423
1 0.914843738079071 0.4364583492279053 0.16718749701976776 0.24375000596046448
1 0.8187500238418579 0.26354166865348816 0.21562500298023224 0.2395833432674408
1 0.109375 0.5250000357627869 0.20624999701976776 0.2666666805744171
1 0.2515625059604645 0.28437501192092896 0.18437500298023224 0.24791668355464935
2 0.35859376192092896 0.8125000596046448 0.3296875059604645 0.3750000298023224
0 0.94921875 0.3135416805744171 0.05781250074505806 0.06875000149011612
1 0.36640626192092896 0.5166667103767395 0.20468750596046448 0.2875000238418579
1 0.7367187738418579 0.8218750357627869 0.15156249701976776 0.24375000596046448
1 0.907031238079071 0.8677083849906921 0.15156249701976776 0.24375000596046448
1 0.625781238079071 0.18125000596046448 0.1484375 0.20000001788139343
1 0.621874988079071 0.3843750059604645 0.16562500596046448 0.25208336114883423
1 0.565625011920929 0.6114583611488342 0.16562500596046448 0.25208336114883423
1 0.914843738079071 0.4364583492279053 0.16718749701976776 0.24375000596046448
1 0.8187500238418579 0.26354166865348816 0.21562500298023224 0.2395833432674408
1 0.109375 0.5250000357627869 0.20624999701976776 0.2666666805744171
1 0.2515625059604645 0.28437501192092896 0.18437500298023224 0.24791668355464935
2 0.35859376192092896 0.8125000596046448 0.3296875059604645 0.3750000298023224
0 0.94921875 0.3135416805744171 0.05781250074505806 0.06875000149011612
