1 0.7835937738418579 0.8302083611488342 0.19218750298023224 0.21458333730697632
1 0.5171875357627869 0.45520836114883423 0.17812500894069672 0.16458334028720856
1 0.610156238079071 0.6531250476837158 0.15781250596046448 0.2187500149011612
1 0.659375011920929 0.32604169845581055 0.18125000596046448 0.22291667759418488
1 0.680468738079071 0.09583333879709244 0.1796875 0.1875000149011612
1 0.14374999701976776 0.8864583969116211 0.1875 0.22708334028720856
1 0.08749999850988388 0.6729167103767395 0.15625 0.19583334028720856
1 0.10625000298023224 0.18958334624767303 0.19375000894069672 0.2083333432674408
1 0.23828125 0.07604166865348816 0.17031250894069672 0.14791667461395264
1 0.4085937440395355 0.07604166865348816 0.17031250894069672 0.14791667461395264
1 0.8687500357627869 0.265625 0.16562500596046448 0.2187500149011612
1 0.5796875357627869 0.7364583611488342 0.16562500596046448 0.2187500149011612
1 0.34687501192092896 0.8072916865348816 0.15937499701976776 0.1770833432674408
1 0.3804687559604645 0.22500000894069672 0.1953125 0.25416669249534607
1 0.9375 0.38229167461395264 0.125 0.20208334922790527
1 0.07656250149011612 0.3760416805744171 0.15000000596046448 0.19375000894069672
0 0.47578126192092896 0.8666667342185974 0.0859375 0.10000000894069672
0 0.87109375 0.5229166746139526 0.09843750298023224 0.13333334028720856
2 0.25 0.5166667103767395 0.328125 0.4125000238418579
1 0.7835937738418579 0.8302083611488342 0.19218750298023224 0.21458333730697632
1 0.5171875357627869 0.45520836114883423 0.17812500894069672 0.16458334028720856
1 0.610156238079071 0.6531250476837158 0.15781250596046448 0.2187500149011612
1 0.659375011920929 0.32604169845581055 0.18125000596046448 0.22291667759418488
1 0.680468738079071 0.09583333879709244 0.1796875 0.1875000149011612
1 0.14374999701976776 0.8864583969116211 0.1875 0.22708334028720856
1 0.08749999850988388 0.6729167103767395 0.15625 0.19583334028720856
1 0.10625000298023224 0.18958334624767303 0.19375000894069672 0.2083333432674408
1 0.23828125 0.07604166865348816 0.17031250894069672 0.14791667461395264
1 0.4085937440395355 0.07604166865348816 0.17031250894069672 0.14791667461395264
1 0.8687500357627869 0.265625 0.16562500596046448 0.2187500149011612
1 0.5796875357627869 0.7364583611488342 0.16562500596046448 0.2187500149011612
1 0.34687501192092896 0.8072916865348816 0.15937499701976776 0.1770833432674408
1 0.3804687559604645 0.22500000894069672 0.1953125 0.25416669249534607
1 0.9375 0.38229167461395264 0.125 0.20208334922790527
1 0.07656250149011612 0.3760416805744171 0.15000000596046448 0.19375000894069672
0 0.47578126192092896 0.8666667342185974 0.0859375 0.10000000894069672
0 0.87109375 0.5229166746139526 0.09843750298023224 0.13333334028720856
2 0.25 0.5166667103767395 0.328125 0.4125000238418579
