1 0.46015626192092896 0.5697916746139526 0.1640625 0.21458333730697632
1 0.796875 0.1875000149011612 0.14374999701976776 0.19583334028720856
1 0.9078125357627869 0.49375003576278687 0.15625 0.21250000596046448
1 0.11484374850988388 0.29479166865348816 0.15781250596046448 0.22291667759418488
1 0.66796875 0.5989583730697632 0.15781250596046448 0.22291667759418488
1 0.17109374701976776 0.5197917222976685 0.15781250596046448 0.22291667759418488
1 0.5328125357627869 0.09062500298023224 0.16250000894069672 0.1770833432674408
1 0.3187499940395355 0.6604167222976685 0.16250000894069672 0.17916667461395264
1 0.585156261920929 0.9031250476837158 0.17031250894069672 0.19375000894069672
1 0.4000000059604645 0.9291667342185974 0.20624999701976776 0.14166668057441711
1 0.18281249701976776 0.8802083730697632 0.16562500596046448 0.2395833432674408
2 0.33671876788139343 0.27916666865348816 0.33906251192092896 0.4166666865348816
2 0.598437488079071 0.36250001192092896 0.24062500894069672 0.30000001192092896
0 0.969531238079071 0.8354167342185974 0.05156249925494194 0.06666667014360428
1 0.46015626192092896 0.5697916746139526 0.1640625 0.21458333730697632
1 0.796875 0.1875000149011612 0.14374999701976776 0.19583334028720856
1 0.9078125357627869 0.49375003576278687 0.15625 0.21250000596046448
1 0.11484374850988388 0.29479166865348816 0.15781250596046448 0.22291667759418488
1 0.66796875 0.5989583730697632 0.15781250596046448 0.22291667759418488
1 0.17109374701976776 0.5197917222976685 0.15781250596046448 0.22291667759418488
1 0.5328125357627869 0.09062500298023224 0.16250000894069672 0.1770833432674408
1 0.3187499940395355 0.6604167222976685 0.16250000894069672 0.17916667461395264
1 0.585156261920929 0.9031250476837158 0.17031250894069672 0.19375000894069672
1 0.4000000059604645 0.9291667342185974 0.20624999701976776 0.14166668057441711
1 0.18281249701976776 0.8802083730697632 0.16562500596046448 0.2395833432674408
2 0.33671876788139343 0.27916666865348816 0.33906251192092896 0.4166666865348816
2 0.598437488079071 0.36250001192092896 0.24062500894069672 0.30000001192092896
0 0.969531238079071 0.8354167342185974 0.05156249925494194 0.06666667014360428
