1 0.819531261920929 0.2666666805744171 0.15781250596046448 0.20000001788139343
1 0.711718738079071 0.26250001788139343 0.15781250596046448 0.20000001788139343
1 0.7835937738418579 0.5989583730697632 0.15156249701976776 0.25208336114883423
1 0.17578125 0.3114583492279053 0.15156249701976776 0.25208336114883423
1 0.06875000149011612 0.7958333492279053 0.13437500596046448 0.21666668355464935
1 0.520312488079071 0.7239583730697632 0.17499999701976776 0.19375000894069672
2 0.559374988079071 0.44687503576278687 0.24687500298023224 0.3604166805744171
0 0.971875011920929 0.31458336114883423 0.05625000223517418 0.10833334177732468
1 0.819531261920929 0.2666666805744171 0.15781250596046448 0.20000001788139343
1 0.711718738079071 0.26250001788139343 0.15781250596046448 0.20000001788139343
1 0.7835937738418579 0.5989583730697632 0.15156249701976776 0.25208336114883423
1 0.17578125 0.3114583492279053 0.15156249701976776 0.25208336114883423
1 0.06875000149011612 0.7958333492279053 0.13437500596046448 0.21666668355464935
1 0.520312488079071 0.7239583730697632 0.17499999701976776 0.19375000894069672
2 0.559374988079071 0.44687503576278687 0.24687500298023224 0.3604166805744171
0 0.971875011920929 0.31458336114883423 0.05625000223517418 0.10833334177732468
