1 0.680468738079071 0.26979169249534607 0.19843749701976776 0.27291667461395264
1 0.754687488079071 0.6604167222976685 0.19375000894069672 0.2083333432674408
1 0.23906250298023224 0.46250003576278687 0.18125000596046448 0.20000001788139343
1 0.5406250357627869 0.49791669845581055 0.16562500596046448 0.1875000149011612
1 0.612500011920929 0.07500000298023224 0.20000000298023224 0.1458333432674408
1 0.21718750894069672 0.2239583432674408 0.15937499701976776 0.21041667461395264
1 0.9164062738418579 0.15520833432674408 0.1640625 0.2187500149011612
1 0.83203125 0.33541667461395264 0.15468750894069672 0.25416669249534607
1 0.8984375 0.9281250238418579 0.14374999701976776 0.14375001192092896
1 0.33984375 0.11041667312383652 0.13906250894069672 0.2083333432674408
0 0.17499999701976776 0.8906250596046448 0.078125 0.08958333730697632
2 0.522656261920929 0.7781250476837158 0.3921875059604645 0.4437500238418579
1 0.680468738079071 0.26979169249534607 0.19843749701976776 0.27291667461395264
1 0.754687488079071 0.6604167222976685 0.19375000894069672 0.2083333432674408
1 0.23906250298023224 0.46250003576278687 0.18125000596046448 0.20000001788139343
1 0.5406250357627869 0.49791669845581055 0.16562500596046448 0.1875000149011612
1 0.612500011920929 0.07500000298023224 0.20000000298023224 0.1458333432674408
1 0.21718750894069672 0.2239583432674408 0.15937499701976776 0.21041667461395264
1 0.9164062738418579 0.15520833432674408 0.1640625 0.2187500149011612
1 0.83203125 0.33541667461395264 0.15468750894069672 0.25416669249534607
1 0.8984375 0.9281250238418579 0.14374999701976776 0.14375001192092896
1 0.33984375 0.11041667312383652 0.13906250894069672 0.2083333432674408
0 0.17499999701976776 0.8906250596046448 0.078125 0.08958333730697632
2 0.522656261920929 0.7781250476837158 0.3921875059604645 0.4437500238418579
