1 0.3023437559604645 0.6645833849906921 0.1484375 0.21666668355464935
1 0.15312500298023224 0.6375000476837158 0.16875000298023224 0.22083334624767303
1 0.31718751788139343 0.3687500059604645 0.16875000298023224 0.22083334624767303
1 0.7734375 0.7395833730697632 0.171875 0.2458333522081375
1 0.5062500238418579 0.3395833373069763 0.171875 0.2458333522081375
1 0.913281261920929 0.31979167461395264 0.17031250894069672 0.19375000894069672
1 0.89453125 0.4750000238418579 0.17031250894069672 0.2291666716337204
1 0.914843738079071 0.16770833730697632 0.17031250894069672 0.20625001192092896
1 0.50390625 0.11875000596046448 0.16718749701976776 0.21250000596046448
2 0.5257812738418579 0.6635416746139526 0.33906251192092896 0.47708335518836975
1 0.3023437559604645 0.6645833849906921 0.1484375 0.21666668355464935
1 0.15312500298023224 0.6375000476837158 0.16875000298023224 0.22083334624767303
1 0.31718751788139343 0.3687500059604645 0.16875000298023224 0.22083334624767303
1 0.7734375 0.7395833730697632 0.171875 0.2458333522081375
1 0.5062500238418579 0.3395833373069763 0.171875 0.2458333522081375
1 0.913281261920929 0.31979167461395264 0.17031250894069672 0.19375000894069672
1 0.89453125 0.4750000238418579 0.17031250894069672 0.2291666716337204
1 0.914843738079071 0.16770833730697632 0.17031250894069672 0.20625001192092896
1 0.50390625 0.11875000596046448 0.16718749701976776 0.21250000596046448
2 0.5257812738418579 0.6635416746139526 0.33906251192092896 0.47708335518836975
