1 0.7242187857627869 0.49791669845581055 0.20468750596046448 0.17916667461395264
1 0.7445312738418579 0.2302083522081375 0.18906250596046448 0.2395833432674408
1 0.9242187738418579 0.24895834922790527 0.15156249701976776 0.2395833432674408
1 0.5171875357627869 0.1979166716337204 0.16250000894069672 0.21666668355464935
1 0.375 0.8354167342185974 0.16250000894069672 0.19166667759418488
1 0.503125011920929 0.8145833611488342 0.11874999850988388 0.17916667461395264
1 0.608593761920929 0.7427083849906921 0.15781250596046448 0.21041667461395264
1 0.717968761920929 0.8093750476837158 0.1953125 0.18541668355464935
1 0.7757812738418579 0.7093750238418579 0.1953125 0.18541668355464935
1 0.07343750447034836 0.8666667342185974 0.14374999701976776 0.21666668355464935
1 0.203125 0.23750001192092896 0.1875 0.17916667461395264
1 0.38359376788139343 0.07395833730697632 0.18906250596046448 0.14375001192092896
1 0.948437511920929 0.48645836114883423 0.10312499850988388 0.22708334028720856
2 0.3734374940395355 0.5239583849906921 0.38750001788139343 0.4895833730697632
0 0.07421875 0.643750011920929 0.07343750447034836 0.07500000298023224
1 0.7242187857627869 0.49791669845581055 0.20468750596046448 0.17916667461395264
1 0.7445312738418579 0.2302083522081375 0.18906250596046448 0.2395833432674408
1 0.9242187738418579 0.24895834922790527 0.15156249701976776 0.2395833432674408
1 0.5171875357627869 0.1979166716337204 0.16250000894069672 0.21666668355464935
1 0.375 0.8354167342185974 0.16250000894069672 0.19166667759418488
1 0.503125011920929 0.8145833611488342 0.11874999850988388 0.17916667461395264
1 0.608593761920929 0.7427083849906921 0.15781250596046448 0.21041667461395264
1 0.717968761920929 0.8093750476837158 0.1953125 0.18541668355464935
1 0.7757812738418579 0.7093750238418579 0.1953125 0.18541668355464935
1 0.07343750447034836 0.8666667342185974 0.14374999701976776 0.21666668355464935
1 0.203125 0.23750001192092896 0.1875 0.17916667461395264
1 0.38359376788139343 0.07395833730697632 0.18906250596046448 0.14375001192092896
1 0.948437511920929 0.48645836114883423 0.10312499850988388 0.22708334028720856
2 0.3734374940395355 0.5239583849906921 0.38750001788139343 0.4895833730697632
0 0.07421875 0.643750011920929 0.07343750447034836 0.07500000298023224
