1 0.14921875298023224 0.27916666865348816 0.15781250596046448 0.19166667759418488
1 0.66015625 0.37291669845581055 0.19218750298023224 0.2291666716337204
1 0.22968749701976776 0.9302083849906921 0.16250000894069672 0.1354166716337204
1 0.28515625 0.22708334028720856 0.20156250894069672 0.17083334922790527
1 0.07968749850988388 0.10729166865348816 0.15625 0.20208334922790527
2 0.49921876192092896 0.7781250476837158 0.3578124940395355 0.4437500238418579
1 0.14921875298023224 0.27916666865348816 0.15781250596046448 0.19166667759418488
1 0.66015625 0.37291669845581055 0.19218750298023224 0.2291666716337204
1 0.22968749701976776 0.9302083849906921 0.16250000894069672 0.1354166716337204
1 0.28515625 0.22708334028720856 0.20156250894069672 0.17083334922790527
1 0.07968749850988388 0.10729166865348816 0.15625 0.20208334922790527
2 0.49921876192092896 0.7781250476837158 0.3578124940395355 0.4437500238418579
