1 0.797656238079071 0.6791666746139526 0.12656250596046448 0.18333333730697632
1 0.81640625 0.8031250238418579 0.13593749701976776 0.18125000596046448
1 0.942187488079071 0.7770833969116211 0.11562500149011612 0.21250000596046448
1 0.5570312738418579 0.8041667342185974 0.17343750596046448 0.23750001192092896
1 0.46015626192092896 0.5770833492279053 0.12656250596046448 0.19166667759418488
1 0.12812499701976776 0.7697917222976685 0.16250000894069672 0.23541668057441711
1 0.30546876788139343 0.31458336114883423 0.12656250596046448 0.23750001192092896
1 0.40156251192092896 0.7812500596046448 0.16875000298023224 0.2708333432674408
2 0.5093750357627869 0.27395835518836975 0.2750000059604645 0.3270833492279053
1 0.797656238079071 0.6791666746139526 0.12656250596046448 0.18333333730697632
1 0.81640625 0.8031250238418579 0.13593749701976776 0.18125000596046448
1 0.942187488079071 0.7770833969116211 0.11562500149011612 0.21250000596046448
1 0.5570312738418579 0.8041667342185974 0.17343750596046448 0.23750001192092896
1 0.46015626192092896 0.5770833492279053 0.12656250596046448 0.19166667759418488
1 0.12812499701976776 0.7697917222976685 0.16250000894069672 0.23541668057441711
1 0.30546876788139343 0.31458336114883423 0.12656250596046448 0.23750001192092896
1 0.40156251192092896 0.7812500596046448 0.16875000298023224 0.2708333432674408
2 0.5093750357627869 0.27395835518836975 0.2750000059604645 0.3270833492279053
