1 0.23125000298023224 0.0833333358168602 0.20624999701976776 0.16250000894069672
1 0.5625 0.38333335518836975 0.13750000298023224 0.22500000894069672
1 0.5101562738418579 0.6093750596046448 0.14218750596046448 0.19375000894069672
1 0.688281238079071 0.1041666716337204 0.14218750596046448 0.19166667759418488
1 0.714062511920929 0.8375000357627869 0.15000000596046448 0.19166667759418488
1 0.936718761920929 0.43020835518836975 0.12656250596046448 0.19375000894069672
1 0.882031261920929 0.1510416716337204 0.12656250596046448 0.19375000894069672
1 0.8359375 0.9083333611488342 0.140625 0.17083334922790527
1 0.140625 0.7322916984558105 0.13750000298023224 0.23541668057441711
1 0.22265625 0.3135416805744171 0.1484375 0.21458333730697632
1 0.36015626788139343 0.26770836114883423 0.14218750596046448 0.1770833432674408
1 0.24140624701976776 0.515625 0.17656250298023224 0.21458333730697632
1 0.35859376192092896 0.6531250476837158 0.1328125 0.19375000894069672
1 0.39921876788139343 0.7625000476837158 0.14218750596046448 0.1875000149011612
1 0.28828126192092896 0.8250000476837158 0.16718749701976776 0.2083333432674408
2 0.7210937738418579 0.5364583730697632 0.2734375 0.3187500238418579
0 0.4195312559604645 0.8885416984558105 0.06093750149011612 0.08541667461395264
1 0.23125000298023224 0.0833333358168602 0.20624999701976776 0.16250000894069672
1 0.5625 0.38333335518836975 0.13750000298023224 0.22500000894069672
1 0.5101562738418579 0.6093750596046448 0.14218750596046448 0.19375000894069672
1 0.688281238079071 0.1041666716337204 0.14218750596046448 0.19166667759418488
1 0.714062511920929 0.8375000357627869 0.15000000596046448 0.19166667759418488
1 0.936718761920929 0.43020835518836975 0.12656250596046448 0.19375000894069672
1 0.882031261920929 0.1510416716337204 0.12656250596046448 0.19375000894069672
1 0.8359375 0.9083333611488342 0.140625 0.17083334922790527
1 0.140625 0.7322916984558105 0.13750000298023224 0.23541668057441711
1 0.22265625 0.3135416805744171 0.1484375 0.21458333730697632
1 0.36015626788139343 0.26770836114883423 0.14218750596046448 0.1770833432674408
1 0.24140624701976776 0.515625 0.17656250298023224 0.21458333730697632
1 0.35859376192092896 0.6531250476837158 0.1328125 0.19375000894069672
1 0.39921876788139343 0.7625000476837158 0.14218750596046448 0.1875000149011612
1 0.28828126192092896 0.8250000476837158 0.16718749701976776 0.2083333432674408
2 0.7210937738418579 0.5364583730697632 0.2734375 0.3187500238418579
0 0.4195312559604645 0.8885416984558105 0.06093750149011612 0.08541667461395264
