1 0.42109376192092896 0.3760416805744171 0.19843749701976776 0.23125001788139343
1 0.21328125894069672 0.5208333730697632 0.15468750894069672 0.20416668057441711
1 0.078125 0.10104167461395264 0.15000000596046448 0.1979166716337204
1 0.14531250298023224 0.30520835518836975 0.19375000894069672 0.20208334922790527
1 0.518750011920929 0.6270833611488342 0.15000000596046448 0.17916667461395264
1 0.4749999940395355 0.7541667222976685 0.16250000894069672 0.23333334922790527
1 0.4515624940395355 0.8687500357627869 0.16250000894069672 0.23333334922790527
1 0.7015625238418579 0.5593750476837158 0.18437500298023224 0.1770833432674408
1 0.8492187857627869 0.9250000715255737 0.17656250298023224 0.15000000596046448
1 0.780468761920929 0.7510417103767395 0.22031250596046448 0.24791668355464935
1 0.61328125 0.8875000476837158 0.1640625 0.22500000894069672
1 0.895312488079071 0.10312500596046448 0.1875 0.20208334922790527
1 0.30859375 0.8197917342185974 0.16093750298023224 0.2187500149011612
1 0.5601562857627869 0.13229167461395264 0.16093750298023224 0.2187500149011612
1 0.13046875596046448 0.6760417222976685 0.16093750298023224 0.2187500149011612
0 0.4273437559604645 0.14687500894069672 0.06406249850988388 0.09791667014360428
0 0.02734375 0.20625001192092896 0.05156249925494194 0.10000000894069672
2 0.725781261920929 0.3083333373069763 0.3109374940395355 0.3500000238418579
1 0.42109376192092896 0.3760416805744171 0.19843749701976776 0.23125001788139343
1 0.21328125894069672 0.5208333730697632 0.15468750894069672 0.20416668057441711
1 0.078125 0.10104167461395264 0.15000000596046448 0.1979166716337204
1 0.14531250298023224 0.30520835518836975 0.19375000894069672 0.20208334922790527
1 0.518750011920929 0.6270833611488342 0.15000000596046448 0.17916667461395264
1 0.4749999940395355 0.7541667222976685 0.16250000894069672 0.23333334922790527
1 0.4515624940395355 0.8687500357627869 0.16250000894069672 0.23333334922790527
1 0.7015625238418579 0.5593750476837158 0.18437500298023224 0.1770833432674408
1 0.8492187857627869 0.9250000715255737 0.17656250298023224 0.15000000596046448
1 0.780468761920929 0.7510417103767395 0.22031250596046448 0.24791668355464935
1 0.61328125 0.8875000476837158 0.1640625 0.22500000894069672
1 0.895312488079071 0.10312500596046448 0.1875 0.20208334922790527
1 0.30859375 0.8197917342185974 0.16093750298023224 0.2187500149011612
1 0.5601562857627869 0.13229167461395264 0.16093750298023224 0.2187500149011612
1 0.13046875596046448 0.6760417222976685 0.16093750298023224 0.2187500149011612
0 0.4273437559604645 0.14687500894069672 0.06406249850988388 0.09791667014360428
0 0.02734375 0.20625001192092896 0.05156249925494194 0.10000000894069672
2 0.725781261920929 0.3083333373069763 0.3109374940395355 0.3500000238418579
