1 0.43437501788139343 0.6500000357627869 0.15937499701976776 0.19583334028720856
1 0.16171875596046448 0.5385416746139526 0.17343750596046448 0.1979166716337204
1 0.3179687559604645 0.4677083492279053 0.2109375 0.2395833432674408
1 0.6937500238418579 0.6885417103767395 0.17499999701976776 0.23125001788139343
1 0.8570312857627869 0.7010416984558105 0.1796875 0.21041667461395264
1 0.6171875 0.2916666865348816 0.16562500596046448 0.20000001788139343
1 0.75 0.26250001788139343 0.16562500596046448 0.20000001788139343
1 0.746874988079071 0.4541666805744171 0.16562500596046448 0.20000001788139343
1 0.2750000059604645 0.26250001788139343 0.16562500596046448 0.20000001788139343
1 0.13125000894069672 0.23645834624767303 0.16875000298023224 0.2187500149011612
1 0.93359375 0.1666666716337204 0.1328125 0.20416668057441711
1 0.4632812440395355 0.8968750238418579 0.15468750894069672 0.18541668355464935
2 0.46953126788139343 0.12916667759418488 0.3359375 0.25416669249534607
0 0.05000000074505806 0.1510416716337204 0.05312500149011612 0.08125000447034836
0 0.7914062738418579 0.8802083730697632 0.06093750149011612 0.06875000149011612
1 0.43437501788139343 0.6500000357627869 0.15937499701976776 0.19583334028720856
1 0.16171875596046448 0.5385416746139526 0.17343750596046448 0.1979166716337204
1 0.3179687559604645 0.4677083492279053 0.2109375 0.2395833432674408
1 0.6937500238418579 0.6885417103767395 0.17499999701976776 0.23125001788139343
1 0.8570312857627869 0.7010416984558105 0.1796875 0.21041667461395264
1 0.6171875 0.2916666865348816 0.16562500596046448 0.20000001788139343
1 0.75 0.26250001788139343 0.16562500596046448 0.20000001788139343
1 0.746874988079071 0.4541666805744171 0.16562500596046448 0.20000001788139343
1 0.2750000059604645 0.26250001788139343 0.16562500596046448 0.20000001788139343
1 0.13125000894069672 0.23645834624767303 0.16875000298023224 0.2187500149011612
1 0.93359375 0.1666666716337204 0.1328125 0.20416668057441711
1 0.4632812440395355 0.8968750238418579 0.15468750894069672 0.18541668355464935
2 0.46953126788139343 0.12916667759418488 0.3359375 0.25416669249534607
0 0.05000000074505806 0.1510416716337204 0.05312500149011612 0.08125000447034836
0 0.7914062738418579 0.8802083730697632 0.06093750149011612 0.06875000149011612
