1 0.6390625238418579 0.33020836114883423 0.15625 0.2395833432674408
1 0.7054687738418579 0.8625000715255737 0.1796875 0.20416668057441711
1 0.7578125 0.4791666865348816 0.1875 0.24166667461395264
1 0.807812511920929 0.6895833611488342 0.18125000596046448 0.17083334922790527
1 0.16484375298023224 0.9062500596046448 0.15156249701976776 0.1875000149011612
1 0.07656250149011612 0.5864583849906921 0.15000000596046448 0.20208334922790527
1 0.07656250149011612 0.3656250238418579 0.15000000596046448 0.20208334922790527
1 0.520312488079071 0.16041667759418488 0.19375000894069672 0.23333334922790527
1 0.3726562559604645 0.3437500298023224 0.16718749701976776 0.2291666716337204
1 0.21796874701976776 0.2979166805744171 0.16718749701976776 0.2291666716337204
1 0.25859376788139343 0.18333333730697632 0.16718749701976776 0.2291666716337204
1 0.940625011920929 0.46666669845581055 0.11874999850988388 0.2083333432674408
1 0.22890625894069672 0.5416666865348816 0.1484375 0.20000001788139343
2 0.453125 0.5927083492279053 0.34687501192092896 0.460416704416275
1 0.6390625238418579 0.33020836114883423 0.15625 0.2395833432674408
1 0.7054687738418579 0.8625000715255737 0.1796875 0.20416668057441711
1 0.7578125 0.4791666865348816 0.1875 0.24166667461395264
1 0.807812511920929 0.6895833611488342 0.18125000596046448 0.17083334922790527
1 0.16484375298023224 0.9062500596046448 0.15156249701976776 0.1875000149011612
1 0.07656250149011612 0.5864583849906921 0.15000000596046448 0.20208334922790527
1 0.07656250149011612 0.3656250238418579 0.15000000596046448 0.20208334922790527
1 0.520312488079071 0.16041667759418488 0.19375000894069672 0.23333334922790527
1 0.3726562559604645 0.3437500298023224 0.16718749701976776 0.2291666716337204
1 0.21796874701976776 0.2979166805744171 0.16718749701976776 0.2291666716337204
1 0.25859376788139343 0.18333333730697632 0.16718749701976776 0.2291666716337204
1 0.940625011920929 0.46666669845581055 0.11874999850988388 0.2083333432674408
1 0.22890625894069672 0.5416666865348816 0.1484375 0.20000001788139343
2 0.453125 0.5927083492279053 0.34687501192092896 0.460416704416275
