1 0.35625001788139343 0.8208333849906921 0.15625 0.18333333730697632
1 0.33125001192092896 0.3854166865348816 0.15625 0.18333333730697632
1 0.40546876192092896 0.18020834028720856 0.17031250894069672 0.23541668057441711
1 0.22890625894069672 0.08541667461395264 0.16093750298023224 0.1666666716337204
1 0.528124988079071 0.6531250476837158 0.15937499701976776 0.22291667759418488
1 0.7796875238418579 0.37812501192092896 0.15937499701976776 0.22291667759418488
1 0.74609375 0.6041666865348816 0.1484375 0.19583334028720856
1 0.735156238079071 0.9010416865348816 0.1484375 0.1979166716337204
1 0.6273437738418579 0.1093750074505806 0.1015625 0.14375001192092896
1 0.078125 0.20208334922790527 0.15000000596046448 0.1666666716337204
1 0.6304687857627869 0.36145836114883423 0.15781250596046448 0.21041667461395264
1 0.11250000447034836 0.4125000238418579 0.15625 0.18333333730697632
2 0.12656250596046448 0.706250011920929 0.25 0.3125000298023224
0 0.8695312738418579 0.26979169249534607 0.07343750447034836 0.08958333730697632
1 0.20234374701976776 0.46562501788139343 0.15781250596046448 0.23125001788139343
1 0.35625001788139343 0.8208333849906921 0.15625 0.18333333730697632
1 0.33125001192092896 0.3854166865348816 0.15625 0.18333333730697632
1 0.40546876192092896 0.18020834028720856 0.17031250894069672 0.23541668057441711
1 0.22890625894069672 0.08541667461395264 0.16093750298023224 0.1666666716337204
1 0.528124988079071 0.6531250476837158 0.15937499701976776 0.22291667759418488
1 0.7796875238418579 0.37812501192092896 0.15937499701976776 0.22291667759418488
1 0.74609375 0.6041666865348816 0.1484375 0.19583334028720856
1 0.735156238079071 0.9010416865348816 0.1484375 0.1979166716337204
1 0.6273437738418579 0.1093750074505806 0.1015625 0.14375001192092896
1 0.078125 0.20208334922790527 0.15000000596046448 0.1666666716337204
1 0.6304687857627869 0.36145836114883423 0.15781250596046448 0.21041667461395264
1 0.11250000447034836 0.4125000238418579 0.15625 0.18333333730697632
2 0.12656250596046448 0.706250011920929 0.25 0.3125000298023224
0 0.8695312738418579 0.26979169249534607 0.07343750447034836 0.08958333730697632
1 0.20234374701976776 0.46562501788139343 0.15781250596046448 0.23125001788139343
