1 0.38359376788139343 0.8812500238418579 0.17031250894069672 0.23333334922790527
1 0.719531238079071 0.8791667222976685 0.17031250894069672 0.23333334922790527
1 0.23828125 0.5541666746139526 0.18593750894069672 0.24166667461395264
1 0.569531261920929 0.28541669249534607 0.18593750894069672 0.24166667461395264
1 0.913281261920929 0.5291666984558105 0.17343750596046448 0.23750001192092896
2 0.17421875894069672 0.24166667461395264 0.3453125059604645 0.4375000298023224
0 0.36328125 0.2770833373069763 0.05156249925494194 0.0833333358168602
0 0.48046875 0.3062500059604645 0.04843750223517418 0.07083334028720856
1 0.38359376788139343 0.8812500238418579 0.17031250894069672 0.23333334922790527
1 0.719531238079071 0.8791667222976685 0.17031250894069672 0.23333334922790527
1 0.23828125 0.5541666746139526 0.18593750894069672 0.24166667461395264
1 0.569531261920929 0.28541669249534607 0.18593750894069672 0.24166667461395264
1 0.913281261920929 0.5291666984558105 0.17343750596046448 0.23750001192092896
2 0.17421875894069672 0.24166667461395264 0.3453125059604645 0.4375000298023224
0 0.36328125 0.2770833373069763 0.05156249925494194 0.0833333358168602
0 0.48046875 0.3062500059604645 0.04843750223517418 0.07083334028720856
