2 0.59765625 0.09687500447034836 0.22031250596046448 0.18958334624767303
0 0.11406250298023224 0.5395833849906921 0.08125000447034836 0.09166666865348816
1 0.6351562738418579 0.41875001788139343 0.20781250298023224 0.24166667461395264
1 0.4710937440395355 0.37708336114883423 0.17656250298023224 0.21666668355464935
1 0.46484375 0.16875000298023224 0.17656250298023224 0.21666668355464935
1 0.30390626192092896 0.7208333611488342 0.17656250298023224 0.21666668355464935
1 0.18359375 0.7604166865348816 0.17656250298023224 0.21666668355464935
1 0.32734376192092896 0.9072917103767395 0.1640625 0.18541668355464935
1 0.4164062440395355 0.9343750476837158 0.15156249701976776 0.13125000894069672
1 0.0859375 0.9343750476837158 0.16875000298023224 0.13125000894069672
1 0.8828125 0.2822916805744171 0.13750000298023224 0.18958334624767303
1 0.817187488079071 0.3218750059604645 0.13750000298023224 0.18958334624767303
1 0.792187511920929 0.4531250298023224 0.13750000298023224 0.18958334624767303
1 0.848437488079071 0.48854169249534607 0.13750000298023224 0.18958334624767303
1 0.879687488079071 0.5302083492279053 0.13750000298023224 0.18958334624767303
1 0.9156250357627869 0.6000000238418579 0.16875000298023224 0.20416668057441711
1 0.8656250238418579 0.9145833849906921 0.21562500298023224 0.17083334922790527
1 0.24921874701976776 0.14791667461395264 0.16718749701976776 0.20416668057441711
1 0.06718750298023224 0.28333336114883423 0.13125000894069672 0.22083334624767303
1 0.09296875447034836 0.09583333879709244 0.1640625 0.1875000149011612
1 0.4234375059604645 0.6947916746139526 0.17812500894069672 0.20625001192092896
1 0.5882812738418579 0.7072917222976685 0.12031250447034836 0.18125000596046448
1 0.58203125 0.8177083730697632 0.12031250447034836 0.18125000596046448
1 0.504687488079071 0.9031250476837158 0.16875000298023224 0.19375000894069672
2 0.59765625 0.09687500447034836 0.22031250596046448 0.18958334624767303
0 0.11406250298023224 0.5395833849906921 0.08125000447034836 0.09166666865348816
1 0.6351562738418579 0.41875001788139343 0.20781250298023224 0.24166667461395264
1 0.4710937440395355 0.37708336114883423 0.17656250298023224 0.21666668355464935
1 0.46484375 0.16875000298023224 0.17656250298023224 0.21666668355464935
1 0.30390626192092896 0.7208333611488342 0.17656250298023224 0.21666668355464935
1 0.18359375 0.7604166865348816 0.17656250298023224 0.21666668355464935
1 0.32734376192092896 0.9072917103767395 0.1640625 0.18541668355464935
1 0.4164062440395355 0.9343750476837158 0.15156249701976776 0.13125000894069672
1 0.0859375 0.9343750476837158 0.16875000298023224 0.13125000894069672
1 0.8828125 0.2822916805744171 0.13750000298023224 0.18958334624767303
1 0.817187488079071 0.3218750059604645 0.13750000298023224 0.18958334624767303
1 0.792187511920929 0.4531250298023224 0.13750000298023224 0.18958334624767303
1 0.848437488079071 0.48854169249534607 0.13750000298023224 0.18958334624767303
1 0.879687488079071 0.5302083492279053 0.13750000298023224 0.18958334624767303
1 0.9156250357627869 0.6000000238418579 0.16875000298023224 0.20416668057441711
1 0.8656250238418579 0.9145833849906921 0.21562500298023224 0.17083334922790527
1 0.24921874701976776 0.14791667461395264 0.16718749701976776 0.20416668057441711
1 0.06718750298023224 0.28333336114883423 0.13125000894069672 0.22083334624767303
1 0.09296875447034836 0.09583333879709244 0.1640625 0.1875000149011612
1 0.4234375059604645 0.6947916746139526 0.17812500894069672 0.20625001192092896
1 0.5882812738418579 0.7072917222976685 0.12031250447034836 0.18125000596046448
1 0.58203125 0.8177083730697632 0.12031250447034836 0.18125000596046448
1 0.504687488079071 0.9031250476837158 0.16875000298023224 0.19375000894069672
