2 0.586718738079071 0.5760416984558105 0.3609375059604645 0.41458335518836975
1 0.20468750596046448 0.8031250238418579 0.16562500596046448 0.20625001192092896
1 0.18125000596046448 0.596875011920929 0.16562500596046448 0.20625001192092896
1 0.41718751192092896 0.8572916984558105 0.16562500596046448 0.20625001192092896
1 0.71875 0.8302083611488342 0.14374999701976776 0.19375000894069672
1 0.93359375 0.8447917103767395 0.1328125 0.20625001192092896
1 0.809374988079071 0.9291667342185974 0.15312500298023224 0.14166668057441711
1 0.06875000149011612 0.8020833730697632 0.13437500596046448 0.21666668355464935
1 0.07734375447034836 0.9229167103767395 0.14218750596046448 0.15416666865348816
1 0.3140625059604645 0.25833335518836975 0.14374999701976776 0.2083333432674408
1 0.08984375 0.2562500238418579 0.14531250298023224 0.16250000894069672
1 0.9164062738418579 0.18541668355464935 0.1640625 0.2083333432674408
1 0.9273437857627869 0.5104166865348816 0.14531250298023224 0.2083333432674408
1 0.678906261920929 0.12708334624767303 0.14531250298023224 0.2083333432674408
1 0.33984375 0.4687500298023224 0.14531250298023224 0.2083333432674408
1 0.49531251192092896 0.08750000596046448 0.17812500894069672 0.17083334922790527
1 0.4468750059604645 0.2760416865348816 0.17812500894069672 0.17291668057441711
1 0.19765625894069672 0.39479169249534607 0.1796875 0.18958334624767303
1 0.840624988079071 0.3760416805744171 0.17499999701976776 0.20625001192092896
1 0.6500000357627869 0.2760416865348816 0.15000000596046448 0.18125000596046448
2 0.586718738079071 0.5760416984558105 0.3609375059604645 0.41458335518836975
1 0.20468750596046448 0.8031250238418579 0.16562500596046448 0.20625001192092896
1 0.18125000596046448 0.596875011920929 0.16562500596046448 0.20625001192092896
1 0.41718751192092896 0.8572916984558105 0.16562500596046448 0.20625001192092896
1 0.71875 0.8302083611488342 0.14374999701976776 0.19375000894069672
1 0.93359375 0.8447917103767395 0.1328125 0.20625001192092896
1 0.809374988079071 0.9291667342185974 0.15312500298023224 0.14166668057441711
1 0.06875000149011612 0.8020833730697632 0.13437500596046448 0.21666668355464935
1 0.07734375447034836 0.9229167103767395 0.14218750596046448 0.15416666865348816
1 0.3140625059604645 0.25833335518836975 0.14374999701976776 0.2083333432674408
1 0.08984375 0.2562500238418579 0.14531250298023224 0.16250000894069672
1 0.9164062738418579 0.18541668355464935 0.1640625 0.2083333432674408
1 0.9273437857627869 0.5104166865348816 0.14531250298023224 0.2083333432674408
1 0.678906261920929 0.12708334624767303 0.14531250298023224 0.2083333432674408
1 0.33984375 0.4687500298023224 0.14531250298023224 0.2083333432674408
1 0.49531251192092896 0.08750000596046448 0.17812500894069672 0.17083334922790527
1 0.4468750059604645 0.2760416865348816 0.17812500894069672 0.17291668057441711
1 0.19765625894069672 0.39479169249534607 0.1796875 0.18958334624767303
1 0.840624988079071 0.3760416805744171 0.17499999701976776 0.20625001192092896
1 0.6500000357627869 0.2760416865348816 0.15000000596046448 0.18125000596046448
