1 0.26875001192092896 0.3427083492279053 0.17812500894069672 0.23541668057441711
1 0.15156249701976776 0.16875000298023224 0.15625 0.23333334922790527
1 0.40703126788139343 0.2552083432674408 0.10781250149011612 0.21041667461395264
1 0.40625 0.4833333492279053 0.17499999701976776 0.2291666716337204
1 0.3765625059604645 0.690625011920929 0.15312500298023224 0.20625001192092896
1 0.555468738079071 0.6239583492279053 0.17343750596046448 0.2187500149011612
1 0.8882812857627869 0.8572916984558105 0.20156250894069672 0.24375000596046448
1 0.11484374850988388 0.5875000357627869 0.15781250596046448 0.21666668355464935
1 0.16328124701976776 0.7385417222976685 0.19218750298023224 0.2604166865348816
1 0.573437511920929 0.39479169249534607 0.16562500596046448 0.21041667461395264
1 0.8148437738418579 0.1822916716337204 0.20781250298023224 0.1770833432674408
1 0.5718750357627869 0.09062500298023224 0.17812500894069672 0.1770833432674408
1 0.421875 0.08541667461395264 0.14687500894069672 0.1666666716337204
1 0.671875 0.8750000596046448 0.18437500298023224 0.25
0 0.25468751788139343 0.7093750238418579 0.05000000074505806 0.06041666865348816
0 0.3460937440395355 0.8697916865348816 0.06718750298023224 0.08541667461395264
2 0.7796875238418579 0.5010417103767395 0.375 0.5395833849906921
1 0.26875001192092896 0.3427083492279053 0.17812500894069672 0.23541668057441711
1 0.15156249701976776 0.16875000298023224 0.15625 0.23333334922790527
1 0.40703126788139343 0.2552083432674408 0.10781250149011612 0.21041667461395264
1 0.40625 0.4833333492279053 0.17499999701976776 0.2291666716337204
1 0.3765625059604645 0.690625011920929 0.15312500298023224 0.20625001192092896
1 0.555468738079071 0.6239583492279053 0.17343750596046448 0.2187500149011612
1 0.8882812857627869 0.8572916984558105 0.20156250894069672 0.24375000596046448
1 0.11484374850988388 0.5875000357627869 0.15781250596046448 0.21666668355464935
1 0.16328124701976776 0.7385417222976685 0.19218750298023224 0.2604166865348816
1 0.573437511920929 0.39479169249534607 0.16562500596046448 0.21041667461395264
1 0.8148437738418579 0.1822916716337204 0.20781250298023224 0.1770833432674408
1 0.5718750357627869 0.09062500298023224 0.17812500894069672 0.1770833432674408
1 0.421875 0.08541667461395264 0.14687500894069672 0.1666666716337204
1 0.671875 0.8750000596046448 0.18437500298023224 0.25
0 0.25468751788139343 0.7093750238418579 0.05000000074505806 0.06041666865348816
0 0.3460937440395355 0.8697916865348816 0.06718750298023224 0.08541667461395264
2 0.7796875238418579 0.5010417103767395 0.375 0.5395833849906921
