1 0.6664062738418579 0.13333334028720856 0.1640625 0.20000001788139343
1 0.8304687738418579 0.1458333432674408 0.1640625 0.20000001788139343
1 0.6773437857627869 0.40000003576278687 0.1640625 0.20000001788139343
1 0.42265626788139343 0.8031250238418579 0.17656250298023224 0.2187500149011612
1 0.3101562559604645 0.6000000238418579 0.18593750894069672 0.25416669249534607
1 0.28828126192092896 0.22500000894069672 0.1484375 0.2083333432674408
1 0.7789062857627869 0.8375000357627869 0.18593750894069672 0.25416669249534607
1 0.684374988079071 0.9291667342185974 0.15937499701976776 0.13750000298023224
1 0.889843761920929 0.5416666865348816 0.18593750894069672 0.1666666716337204
1 0.11171875149011612 0.18854168057441711 0.18281249701976776 0.2645833492279053
1 0.42656251788139343 0.08645834028720856 0.140625 0.16875000298023224
1 0.32343751192092896 0.7656250596046448 0.18437500298023224 0.18958334624767303
1 0.609375 0.7864583730697632 0.16875000298023224 0.23541668057441711
2 0.4468750059604645 0.3958333432674408 0.3187499940395355 0.4375000298023224
1 0.6664062738418579 0.13333334028720856 0.1640625 0.20000001788139343
1 0.8304687738418579 0.1458333432674408 0.1640625 0.20000001788139343
1 0.6773437857627869 0.40000003576278687 0.1640625 0.20000001788139343
1 0.42265626788139343 0.8031250238418579 0.17656250298023224 0.2187500149011612
1 0.3101562559604645 0.6000000238418579 0.18593750894069672 0.25416669249534607
1 0.28828126192092896 0.22500000894069672 0.1484375 0.2083333432674408
1 0.7789062857627869 0.8375000357627869 0.18593750894069672 0.25416669249534607
1 0.684374988079071 0.9291667342185974 0.15937499701976776 0.13750000298023224
1 0.889843761920929 0.5416666865348816 0.18593750894069672 0.1666666716337204
1 0.11171875149011612 0.18854168057441711 0.18281249701976776 0.2645833492279053
1 0.42656251788139343 0.08645834028720856 0.140625 0.16875000298023224
1 0.32343751192092896 0.7656250596046448 0.18437500298023224 0.18958334624767303
1 0.609375 0.7864583730697632 0.16875000298023224 0.23541668057441711
2 0.4468750059604645 0.3958333432674408 0.3187499940395355 0.4375000298023224
