1 0.6773437857627869 0.6791666746139526 0.17343750596046448 0.20000001788139343
1 0.8031250238418579 0.25416669249534607 0.20624999701976776 0.2291666716337204
1 0.5601562857627869 0.17500001192092896 0.15781250596046448 0.25416669249534607
1 0.09921874850988388 0.5802083611488342 0.16718749701976776 0.24375000596046448
1 0.19218750298023224 0.5302083492279053 0.18125000596046448 0.26875001192092896
1 0.3515625 0.2614583373069763 0.16875000298023224 0.24791668355464935
1 0.30859375 0.8031250238418579 0.19218750298023224 0.23541668057441711
1 0.45234376192092896 0.7666667103767395 0.18906250596046448 0.19166667759418488
1 0.14453125 0.8802083730697632 0.2109375 0.22708334028720856
1 0.671093761920929 0.8947917222976685 0.18593750894069672 0.1979166716337204
1 0.9085937738418579 0.10520833730697632 0.17656250298023224 0.1770833432674408
1 0.12578125298023224 0.1822916716337204 0.18906250596046448 0.24791668355464935
1 0.8734375238418579 0.643750011920929 0.15312500298023224 0.2083333432674408
1 0.942187488079071 0.43437501788139343 0.11562500149011612 0.23541668057441711
1 0.78515625 0.4593750238418579 0.24531249701976776 0.2395833432674408
2 0.4937500059604645 0.4843750298023224 0.40937501192092896 0.43958336114883423
0 0.53125 0.8760417103767395 0.0625 0.0937500074505806
0 0.2421875 0.21562501788139343 0.08749999850988388 0.10208334028720856
1 0.6773437857627869 0.6791666746139526 0.17343750596046448 0.20000001788139343
1 0.8031250238418579 0.25416669249534607 0.20624999701976776 0.2291666716337204
1 0.5601562857627869 0.17500001192092896 0.15781250596046448 0.25416669249534607
1 0.09921874850988388 0.5802083611488342 0.16718749701976776 0.24375000596046448
1 0.19218750298023224 0.5302083492279053 0.18125000596046448 0.26875001192092896
1 0.3515625 0.2614583373069763 0.16875000298023224 0.24791668355464935
1 0.30859375 0.8031250238418579 0.19218750298023224 0.23541668057441711
1 0.45234376192092896 0.7666667103767395 0.18906250596046448 0.19166667759418488
1 0.14453125 0.8802083730697632 0.2109375 0.22708334028720856
1 0.671093761920929 0.8947917222976685 0.18593750894069672 0.1979166716337204
1 0.9085937738418579 0.10520833730697632 0.17656250298023224 0.1770833432674408
1 0.12578125298023224 0.1822916716337204 0.18906250596046448 0.24791668355464935
1 0.8734375238418579 0.643750011920929 0.15312500298023224 0.2083333432674408
1 0.942187488079071 0.43437501788139343 0.11562500149011612 0.23541668057441711
1 0.78515625 0.4593750238418579 0.24531249701976776 0.2395833432674408
2 0.4937500059604645 0.4843750298023224 0.40937501192092896 0.43958336114883423
0 0.53125 0.8760417103767395 0.0625 0.0937500074505806
0 0.2421875 0.21562501788139343 0.08749999850988388 0.10208334028720856
