1 0.7093750238418579 0.3083333373069763 0.21562500298023224 0.2083333432674408
1 0.6898437738418579 0.44166669249534607 0.1796875 0.20000001788139343
1 0.25390625 0.35625001788139343 0.19218750298023224 0.21250000596046448
1 0.28437501192092896 0.8197917342185974 0.16250000894069672 0.20625001192092896
1 0.32421875 0.8968750238418579 0.14531250298023224 0.20625001192092896
1 0.10703124850988388 0.5958333611488342 0.17031250894069672 0.24166667461395264
1 0.563281238079071 0.7312500476837158 0.17031250894069672 0.24166667461395264
1 0.9085937738418579 0.3375000059604645 0.15781250596046448 0.2458333522081375
1 0.84765625 0.6041666865348816 0.15781250596046448 0.23750001192092896
1 0.647656261920929 0.6625000238418579 0.15781250596046448 0.23750001192092896
1 0.49140626192092896 0.24375000596046448 0.15781250596046448 0.23750001192092896
1 0.4828124940395355 0.4895833730697632 0.1875 0.25416669249534607
2 0.6640625 0.11145833879709244 0.4437499940395355 0.2187500149011612
1 0.24296875298023224 0.10312500596046448 0.14531250298023224 0.20208334922790527
1 0.2835937440395355 0.2395833432674408 0.14531250298023224 0.20416668057441711
1 0.8359375 0.88958340883255 0.171875 0.22083334624767303
1 0.7093750238418579 0.3083333373069763 0.21562500298023224 0.2083333432674408
1 0.6898437738418579 0.44166669249534607 0.1796875 0.20000001788139343
1 0.25390625 0.35625001788139343 0.19218750298023224 0.21250000596046448
1 0.28437501192092896 0.8197917342185974 0.16250000894069672 0.20625001192092896
1 0.32421875 0.8968750238418579 0.14531250298023224 0.20625001192092896
1 0.10703124850988388 0.5958333611488342 0.17031250894069672 0.24166667461395264
1 0.563281238079071 0.7312500476837158 0.17031250894069672 0.24166667461395264
1 0.9085937738418579 0.3375000059604645 0.15781250596046448 0.2458333522081375
1 0.84765625 0.6041666865348816 0.15781250596046448 0.23750001192092896
1 0.647656261920929 0.6625000238418579 0.15781250596046448 0.23750001192092896
1 0.49140626192092896 0.24375000596046448 0.15781250596046448 0.23750001192092896
1 0.4828124940395355 0.4895833730697632 0.1875 0.25416669249534607
2 0.6640625 0.11145833879709244 0.4437499940395355 0.2187500149011612
1 0.24296875298023224 0.10312500596046448 0.14531250298023224 0.20208334922790527
1 0.2835937440395355 0.2395833432674408 0.14531250298023224 0.20416668057441711
1 0.8359375 0.88958340883255 0.171875 0.22083334624767303
