1 0.4046874940395355 0.6979166865348816 0.15937499701976776 0.1875000149011612
1 0.574999988079071 0.7406250238418579 0.171875 0.18958334624767303
1 0.8187500238418579 0.8135417103767395 0.171875 0.2187500149011612
1 0.9140625 0.46145835518836975 0.171875 0.2187500149011612
1 0.4156250059604645 0.45520836114883423 0.171875 0.2187500149011612
1 0.40937501192092896 0.24270834028720856 0.171875 0.2187500149011612
1 0.551562488079071 0.19583334028720856 0.19062499701976776 0.25
1 0.6546875238418579 0.39479169249534607 0.16250000894069672 0.21041667461395264
1 0.753125011920929 0.3427083492279053 0.17812500894069672 0.24375000596046448
1 0.7406250238418579 0.5750000476837158 0.17812500894069672 0.17916667461395264
1 0.803906261920929 0.10625000298023224 0.18593750894069672 0.2083333432674408
1 0.2874999940395355 0.28854167461395264 0.140625 0.2187500149011612
1 0.07968749850988388 0.3229166865348816 0.15625 0.21666668355464935
1 0.09375 0.518750011920929 0.15625 0.20416668057441711
1 0.715624988079071 0.6364583373069763 0.13125000894069672 0.23541668057441711
2 0.19218750298023224 0.8031250238418579 0.3531250059604645 0.39375001192092896
1 0.4046874940395355 0.6979166865348816 0.15937499701976776 0.1875000149011612
1 0.574999988079071 0.7406250238418579 0.171875 0.18958334624767303
1 0.8187500238418579 0.8135417103767395 0.171875 0.2187500149011612
1 0.9140625 0.46145835518836975 0.171875 0.2187500149011612
1 0.4156250059604645 0.45520836114883423 0.171875 0.2187500149011612
1 0.40937501192092896 0.24270834028720856 0.171875 0.2187500149011612
1 0.551562488079071 0.19583334028720856 0.19062499701976776 0.25
1 0.6546875238418579 0.39479169249534607 0.16250000894069672 0.21041667461395264
1 0.753125011920929 0.3427083492279053 0.17812500894069672 0.24375000596046448
1 0.7406250238418579 0.5750000476837158 0.17812500894069672 0.17916667461395264
1 0.803906261920929 0.10625000298023224 0.18593750894069672 0.2083333432674408
1 0.2874999940395355 0.28854167461395264 0.140625 0.2187500149011612
1 0.07968749850988388 0.3229166865348816 0.15625 0.21666668355464935
1 0.09375 0.518750011920929 0.15625 0.20416668057441711
1 0.715624988079071 0.6364583373069763 0.13125000894069672 0.23541668057441711
2 0.19218750298023224 0.8031250238418579 0.3531250059604645 0.39375001192092896
