1 0.07421875 0.628125011920929 0.1328125 0.2187500149011612
1 0.4164062440395355 0.13125000894069672 0.17656250298023224 0.2291666716337204
1 0.32343751192092896 0.7052083611488342 0.15312500298023224 0.23125001788139343
1 0.19453124701976776 0.9156250357627869 0.12968750298023224 0.16875000298023224
1 0.913281261920929 0.13437500596046448 0.15781250596046448 0.21458333730697632
1 0.7093750238418579 0.26875001192092896 0.140625 0.18333333730697632
1 0.4742187559604645 0.5729166865348816 0.17656250298023224 0.2083333432674408
1 0.507031261920929 0.7145833969116211 0.17656250298023224 0.2083333432674408
1 0.21562500298023224 0.491666704416275 0.16875000298023224 0.23750001192092896
1 0.3265624940395355 0.44583335518836975 0.16875000298023224 0.23750001192092896
1 0.31718751788139343 0.11666667461395264 0.16562500596046448 0.2291666716337204
1 0.598437488079071 0.8250000476837158 0.15625 0.1458333432674408
1 0.07109375298023224 0.32500001788139343 0.13906250894069672 0.18333333730697632
2 0.7875000238418579 0.6656250357627869 0.37812501192092896 0.47708335518836975
1 0.07421875 0.628125011920929 0.1328125 0.2187500149011612
1 0.4164062440395355 0.13125000894069672 0.17656250298023224 0.2291666716337204
1 0.32343751192092896 0.7052083611488342 0.15312500298023224 0.23125001788139343
1 0.19453124701976776 0.9156250357627869 0.12968750298023224 0.16875000298023224
1 0.913281261920929 0.13437500596046448 0.15781250596046448 0.21458333730697632
1 0.7093750238418579 0.26875001192092896 0.140625 0.18333333730697632
1 0.4742187559604645 0.5729166865348816 0.17656250298023224 0.2083333432674408
1 0.507031261920929 0.7145833969116211 0.17656250298023224 0.2083333432674408
1 0.21562500298023224 0.491666704416275 0.16875000298023224 0.23750001192092896
1 0.3265624940395355 0.44583335518836975 0.16875000298023224 0.23750001192092896
1 0.31718751788139343 0.11666667461395264 0.16562500596046448 0.2291666716337204
1 0.598437488079071 0.8250000476837158 0.15625 0.1458333432674408
1 0.07109375298023224 0.32500001788139343 0.13906250894069672 0.18333333730697632
2 0.7875000238418579 0.6656250357627869 0.37812501192092896 0.47708335518836975
