1 0.12265624850988388 0.6354166865348816 0.18281249701976776 0.2083333432674408
1 0.26484376192092896 0.7906250357627869 0.16718749701976776 0.21041667461395264
1 0.09140624850988388 0.8572916984558105 0.16718749701976776 0.21041667461395264
1 0.41484376788139343 0.6697916984558105 0.17343750596046448 0.2770833373069763
1 0.858593761920929 0.39479169249534607 0.16718749701976776 0.21041667461395264
1 0.930468738079071 0.10625000298023224 0.13906250894069672 0.2083333432674408
1 0.856249988079071 0.6312500238418579 0.16875000298023224 0.24166667461395264
1 0.9242187738418579 0.8447917103767395 0.15156249701976776 0.2562500238418579
1 0.08515625447034836 0.31666669249534607 0.16718749701976776 0.24166667461395264
1 0.2906250059604645 0.10000000894069672 0.171875 0.19583334028720856
1 0.2679687440395355 0.47708335518836975 0.17031250894069672 0.2458333522081375
1 0.6875 0.8083333969116211 0.16875000298023224 0.2916666865348816
2 0.46484375 0.24791668355464935 0.29218751192092896 0.44583335518836975
0 0.585156261920929 0.4583333432674408 0.07968749850988388 0.10833334177732468
0 0.585156261920929 0.7656250596046448 0.06093750149011612 0.0729166716337204
0 0.7406250238418579 0.9697917103767395 0.0625 0.06041666865348816
1 0.12265624850988388 0.6354166865348816 0.18281249701976776 0.2083333432674408
1 0.26484376192092896 0.7906250357627869 0.16718749701976776 0.21041667461395264
1 0.09140624850988388 0.8572916984558105 0.16718749701976776 0.21041667461395264
1 0.41484376788139343 0.6697916984558105 0.17343750596046448 0.2770833373069763
1 0.858593761920929 0.39479169249534607 0.16718749701976776 0.21041667461395264
1 0.930468738079071 0.10625000298023224 0.13906250894069672 0.2083333432674408
1 0.856249988079071 0.6312500238418579 0.16875000298023224 0.24166667461395264
1 0.9242187738418579 0.8447917103767395 0.15156249701976776 0.2562500238418579
1 0.08515625447034836 0.31666669249534607 0.16718749701976776 0.24166667461395264
1 0.2906250059604645 0.10000000894069672 0.171875 0.19583334028720856
1 0.2679687440395355 0.47708335518836975 0.17031250894069672 0.2458333522081375
1 0.6875 0.8083333969116211 0.16875000298023224 0.2916666865348816
2 0.46484375 0.24791668355464935 0.29218751192092896 0.44583335518836975
0 0.585156261920929 0.4583333432674408 0.07968749850988388 0.10833334177732468
0 0.585156261920929 0.7656250596046448 0.06093750149011612 0.0729166716337204
0 0.7406250238418579 0.9697917103767395 0.0625 0.06041666865348816
