1 0.14609375596046448 0.5385416746139526 0.17343750596046448 0.2562500238418579
1 0.13593749701976776 0.25729167461395264 0.17499999701976776 0.21041667461395264
1 0.2421875 0.19375000894069672 0.14687500894069672 0.20000001788139343
1 0.6640625 0.38333335518836975 0.14687500894069672 0.20000001788139343
1 0.3499999940395355 0.6968750357627869 0.18125000596046448 0.18541668355464935
1 0.15625 0.9072917103767395 0.18125000596046448 0.18541668355464935
1 0.909375011920929 0.2291666716337204 0.18125000596046448 0.20000001788139343
1 0.48125001788139343 0.5437500476837158 0.203125 0.24166667461395264
1 0.5601562857627869 0.8208333849906921 0.1640625 0.22083334624767303
1 0.897656261920929 0.4385416805744171 0.18281249701976776 0.2187500149011612
2 0.4375 0.13750000298023224 0.3343749940395355 0.2708333432674408
1 0.14609375596046448 0.5385416746139526 0.17343750596046448 0.2562500238418579
1 0.13593749701976776 0.25729167461395264 0.17499999701976776 0.21041667461395264
1 0.2421875 0.19375000894069672 0.14687500894069672 0.20000001788139343
1 0.6640625 0.38333335518836975 0.14687500894069672 0.20000001788139343
1 0.3499999940395355 0.6968750357627869 0.18125000596046448 0.18541668355464935
1 0.15625 0.9072917103767395 0.18125000596046448 0.18541668355464935
1 0.909375011920929 0.2291666716337204 0.18125000596046448 0.20000001788139343
1 0.48125001788139343 0.5437500476837158 0.203125 0.24166667461395264
1 0.5601562857627869 0.8208333849906921 0.1640625 0.22083334624767303
1 0.897656261920929 0.4385416805744171 0.18281249701976776 0.2187500149011612
2 0.4375 0.13750000298023224 0.3343749940395355 0.2708333432674408
