1 0.50390625 0.1093750074505806 0.17031250894069672 0.1979166716337204
1 0.83203125 0.30520835518836975 0.17031250894069672 0.1979166716337204
1 0.26640626788139343 0.9010416865348816 0.17031250894069672 0.1979166716337204
1 0.5843750238418579 0.35625001788139343 0.203125 0.2291666716337204
1 0.680468738079071 0.2187500149011612 0.16718749701976776 0.18333333730697632
1 0.641406238079071 0.09270834177732468 0.17656250298023224 0.18125000596046448
1 0.36015626788139343 0.25729167461395264 0.17031250894069672 0.1979166716337204
1 0.33671876788139343 0.3812500238418579 0.16093750298023224 0.23333334922790527
1 0.765625 0.7343750596046448 0.18437500298023224 0.2395833432674408
1 0.733593761920929 0.9270833730697632 0.17031250894069672 0.1458333432674408
1 0.5679687857627869 0.9197916984558105 0.19843749701976776 0.16041667759418488
1 0.9437500238418579 0.45520836114883423 0.11250000447034836 0.21041667461395264
1 0.13359375298023224 0.8062500357627869 0.14218750596046448 0.19583334028720856
1 0.17734375596046448 0.4541666805744171 0.16093750298023224 0.27916666865348816
0 0.43437501788139343 0.8625000715255737 0.05312500149011612 0.0833333358168602
2 0.54296875 0.6333333849906921 0.3265624940395355 0.40000003576278687
1 0.50390625 0.1093750074505806 0.17031250894069672 0.1979166716337204
1 0.83203125 0.30520835518836975 0.17031250894069672 0.1979166716337204
1 0.26640626788139343 0.9010416865348816 0.17031250894069672 0.1979166716337204
1 0.5843750238418579 0.35625001788139343 0.203125 0.2291666716337204
1 0.680468738079071 0.2187500149011612 0.16718749701976776 0.18333333730697632
1 0.641406238079071 0.09270834177732468 0.17656250298023224 0.18125000596046448
1 0.36015626788139343 0.25729167461395264 0.17031250894069672 0.1979166716337204
1 0.33671876788139343 0.3812500238418579 0.16093750298023224 0.23333334922790527
1 0.765625 0.7343750596046448 0.18437500298023224 0.2395833432674408
1 0.733593761920929 0.9270833730697632 0.17031250894069672 0.1458333432674408
1 0.5679687857627869 0.9197916984558105 0.19843749701976776 0.16041667759418488
1 0.9437500238418579 0.45520836114883423 0.11250000447034836 0.21041667461395264
1 0.13359375298023224 0.8062500357627869 0.14218750596046448 0.19583334028720856
1 0.17734375596046448 0.4541666805744171 0.16093750298023224 0.27916666865348816
0 0.43437501788139343 0.8625000715255737 0.05312500149011612 0.0833333358168602
2 0.54296875 0.6333333849906921 0.3265624940395355 0.40000003576278687
