2 0.3179687559604645 0.5729166865348816 0.27031251788139343 0.3541666865348816
0 0.171875 0.4218750298023224 0.06562500447034836 0.07708333432674408
0 0.13437500596046448 0.46145835518836975 0.06562500447034836 0.07708333432674408
0 0.55078125 0.03229166939854622 0.06093750149011612 0.06041666865348816
1 0.21953125298023224 0.8500000238418579 0.19218750298023224 0.21250000596046448
1 0.87109375 0.1197916716337204 0.1953125 0.23541668057441711
1 0.647656261920929 0.8229166865348816 0.19218750298023224 0.28333336114883423
1 0.792187511920929 0.7416667342185974 0.18125000596046448 0.15416666865348816
1 0.542187511920929 0.31041666865348816 0.17499999701976776 0.1875000149011612
1 0.41718751192092896 0.25208336114883423 0.17499999701976776 0.1875000149011612
1 0.41093751788139343 0.8229166865348816 0.17499999701976776 0.1875000149011612
1 0.48750001192092896 0.7302083969116211 0.18437500298023224 0.2187500149011612
1 0.92578125 0.8833333849906921 0.14531250298023224 0.23333334922790527
1 0.858593761920929 0.5729166865348816 0.2109375 0.21666668355464935
1 0.8765625357627869 0.4229166805744171 0.18125000596046448 0.17916667461395264
1 0.6734375357627869 0.39270836114883423 0.18125000596046448 0.19375000894069672
1 0.2679687440395355 0.35104167461395264 0.19843749701976776 0.1979166716337204
1 0.12421875447034836 0.22187501192092896 0.19843749701976776 0.1979166716337204
2 0.3179687559604645 0.5729166865348816 0.27031251788139343 0.3541666865348816
0 0.171875 0.4218750298023224 0.06562500447034836 0.07708333432674408
0 0.13437500596046448 0.46145835518836975 0.06562500447034836 0.07708333432674408
0 0.55078125 0.03229166939854622 0.06093750149011612 0.06041666865348816
1 0.21953125298023224 0.8500000238418579 0.19218750298023224 0.21250000596046448
1 0.87109375 0.1197916716337204 0.1953125 0.23541668057441711
1 0.647656261920929 0.8229166865348816 0.19218750298023224 0.28333336114883423
1 0.792187511920929 0.7416667342185974 0.18125000596046448 0.15416666865348816
1 0.542187511920929 0.31041666865348816 0.17499999701976776 0.1875000149011612
1 0.41718751192092896 0.25208336114883423 0.17499999701976776 0.1875000149011612
1 0.41093751788139343 0.8229166865348816 0.17499999701976776 0.1875000149011612
1 0.48750001192092896 0.7302083969116211 0.18437500298023224 0.2187500149011612
1 0.92578125 0.8833333849906921 0.14531250298023224 0.23333334922790527
1 0.858593761920929 0.5729166865348816 0.2109375 0.21666668355464935
1 0.8765625357627869 0.4229166805744171 0.18125000596046448 0.17916667461395264
1 0.6734375357627869 0.39270836114883423 0.18125000596046448 0.19375000894069672
1 0.2679687440395355 0.35104167461395264 0.19843749701976776 0.1979166716337204
1 0.12421875447034836 0.22187501192092896 0.19843749701976776 0.1979166716337204
