2 0.3140625059604645 0.37916669249534607 0.29375001788139343 0.3541666865348816
1 0.13046875596046448 0.45625001192092896 0.1328125 0.25416669249534607
1 0.7210937738418579 0.7760416865348816 0.16093750298023224 0.2395833432674408
1 0.899218738079071 0.8114583492279053 0.16093750298023224 0.2395833432674408
1 0.80078125 0.8447917103767395 0.16093750298023224 0.2395833432674408
1 0.4453125 0.9145833849906921 0.18125000596046448 0.17083334922790527
1 0.2984375059604645 0.9145833849906921 0.18125000596046448 0.17083334922790527
1 0.28593751788139343 0.8479167222976685 0.18125000596046448 0.17083334922790527
1 0.663281261920929 0.40937501192092896 0.16093750298023224 0.19375000894069672
1 0.8492187857627869 0.5052083730697632 0.16093750298023224 0.19375000894069672
1 0.56640625 0.5375000238418579 0.20468750596046448 0.23750001192092896
1 0.8960937857627869 0.1979166716337204 0.12968750298023224 0.19583334028720856
1 0.04453125223517418 0.39270836114883423 0.0859375 0.2770833373069763
1 0.25390625 0.09791667014360428 0.23281250894069672 0.19166667759418488
1 0.4281249940395355 0.6114583611488342 0.13437500596046448 0.1770833432674408
1 0.33906251192092896 0.6875000596046448 0.16562500596046448 0.19166667759418488
1 0.5804687738418579 0.3739583492279053 0.16093750298023224 0.19375000894069672
2 0.3140625059604645 0.37916669249534607 0.29375001788139343 0.3541666865348816
1 0.13046875596046448 0.45625001192092896 0.1328125 0.25416669249534607
1 0.7210937738418579 0.7760416865348816 0.16093750298023224 0.2395833432674408
1 0.899218738079071 0.8114583492279053 0.16093750298023224 0.2395833432674408
1 0.80078125 0.8447917103767395 0.16093750298023224 0.2395833432674408
1 0.4453125 0.9145833849906921 0.18125000596046448 0.17083334922790527
1 0.2984375059604645 0.9145833849906921 0.18125000596046448 0.17083334922790527
1 0.28593751788139343 0.8479167222976685 0.18125000596046448 0.17083334922790527
1 0.663281261920929 0.40937501192092896 0.16093750298023224 0.19375000894069672
1 0.8492187857627869 0.5052083730697632 0.16093750298023224 0.19375000894069672
1 0.56640625 0.5375000238418579 0.20468750596046448 0.23750001192092896
1 0.8960937857627869 0.1979166716337204 0.12968750298023224 0.19583334028720856
1 0.04453125223517418 0.39270836114883423 0.0859375 0.2770833373069763
1 0.25390625 0.09791667014360428 0.23281250894069672 0.19166667759418488
1 0.4281249940395355 0.6114583611488342 0.13437500596046448 0.1770833432674408
1 0.33906251192092896 0.6875000596046448 0.16562500596046448 0.19166667759418488
1 0.5804687738418579 0.3739583492279053 0.16093750298023224 0.19375000894069672
