1 0.44609376788139343 0.5916666984558105 0.17656250298023224 0.19166667759418488
1 0.328125 0.41979169845581055 0.18125000596046448 0.23125001788139343
1 0.32500001788139343 0.41562503576278687 0.18125000596046448 0.23125001788139343
1 0.19453124701976776 0.5177083611488342 0.17031250894069672 0.21458333730697632
1 0.0859375 0.08645834028720856 0.15000000596046448 0.16875000298023224
1 0.8140625357627869 0.15520833432674408 0.16250000894069672 0.19375000894069672
1 0.8515625 0.3895833492279053 0.15937499701976776 0.2083333432674408
1 0.10781250149011612 0.7291666865348816 0.13125000894069672 0.1875000149011612
1 0.13593749701976776 0.3125000298023224 0.13125000894069672 0.1875000149011612
1 0.11562500149011612 0.491666704416275 0.13125000894069672 0.1875000149011612
1 0.581250011920929 0.6552083492279053 0.10312499850988388 0.2187500149011612
1 0.6468750238418579 0.2135416716337204 0.14374999701976776 0.18125000596046448
1 0.727343738079071 0.3812500238418579 0.15781250596046448 0.17916667461395264
1 0.616406261920929 0.9281250238418579 0.15781250596046448 0.13958333432674408
1 0.2953124940395355 0.6229166984558105 0.140625 0.20416668057441711
2 0.7718750238418579 0.6864583492279053 0.30000001192092896 0.4229166805744171
0 0.5101562738418579 0.8375000357627869 0.06406249850988388 0.07916667312383652
1 0.44609376788139343 0.5916666984558105 0.17656250298023224 0.19166667759418488
1 0.328125 0.41979169845581055 0.18125000596046448 0.23125001788139343
1 0.32500001788139343 0.41562503576278687 0.18125000596046448 0.23125001788139343
1 0.19453124701976776 0.5177083611488342 0.17031250894069672 0.21458333730697632
1 0.0859375 0.08645834028720856 0.15000000596046448 0.16875000298023224
1 0.8140625357627869 0.15520833432674408 0.16250000894069672 0.19375000894069672
1 0.8515625 0.3895833492279053 0.15937499701976776 0.2083333432674408
1 0.10781250149011612 0.7291666865348816 0.13125000894069672 0.1875000149011612
1 0.13593749701976776 0.3125000298023224 0.13125000894069672 0.1875000149011612
1 0.11562500149011612 0.491666704416275 0.13125000894069672 0.1875000149011612
1 0.581250011920929 0.6552083492279053 0.10312499850988388 0.2187500149011612
1 0.6468750238418579 0.2135416716337204 0.14374999701976776 0.18125000596046448
1 0.727343738079071 0.3812500238418579 0.15781250596046448 0.17916667461395264
1 0.616406261920929 0.9281250238418579 0.15781250596046448 0.13958333432674408
1 0.2953124940395355 0.6229166984558105 0.140625 0.20416668057441711
2 0.7718750238418579 0.6864583492279053 0.30000001192092896 0.4229166805744171
0 0.5101562738418579 0.8375000357627869 0.06406249850988388 0.07916667312383652
