1 0.13515625894069672 0.3958333432674408 0.18593750894069672 0.2291666716337204
1 0.38984376192092896 0.6208333373069763 0.1796875 0.2916666865348816
1 0.19765625894069672 0.16458334028720856 0.18593750894069672 0.2291666716337204
1 0.5179687738418579 0.4677083492279053 0.15468750894069672 0.23541668057441711
1 0.5023437738418579 0.8187500238418579 0.15781250596046448 0.2291666716337204
1 0.19140625 0.6156250238418579 0.17343750596046448 0.20625001192092896
1 0.18515625596046448 0.7427083849906921 0.17343750596046448 0.20625001192092896
1 0.610156238079071 0.08541667461395264 0.17031250894069672 0.1666666716337204
1 0.846875011920929 0.31666669249534607 0.15312500298023224 0.19583334028720856
1 0.734375 0.19687500596046448 0.11562500149011612 0.18541668355464935
1 0.805468738079071 0.10000000894069672 0.12343750149011612 0.19583334028720856
1 0.93359375 0.14791667461395264 0.1328125 0.21666668355464935
1 0.5179687738418579 0.23645834624767303 0.16093750298023224 0.18958334624767303
1 0.671875 0.3864583671092987 0.1875 0.1770833432674408
0 0.3960937559604645 0.8989583849906921 0.07656250149011612 0.08541667461395264
0 0.2523437440395355 0.4802083671092987 0.06718750298023224 0.08541667461395264
0 0.4390625059604645 0.05625000223517418 0.05937499925494194 0.08750000596046448
0 0.68359375 0.28541669249534607 0.05781250074505806 0.07500000298023224
2 0.699999988079071 0.6739583611488342 0.3687500059604645 0.4687500298023224
1 0.13515625894069672 0.3958333432674408 0.18593750894069672 0.2291666716337204
1 0.38984376192092896 0.6208333373069763 0.1796875 0.2916666865348816
1 0.19765625894069672 0.16458334028720856 0.18593750894069672 0.2291666716337204
1 0.5179687738418579 0.4677083492279053 0.15468750894069672 0.23541668057441711
1 0.5023437738418579 0.8187500238418579 0.15781250596046448 0.2291666716337204
1 0.19140625 0.6156250238418579 0.17343750596046448 0.20625001192092896
1 0.18515625596046448 0.7427083849906921 0.17343750596046448 0.20625001192092896
1 0.610156238079071 0.08541667461395264 0.17031250894069672 0.1666666716337204
1 0.846875011920929 0.31666669249534607 0.15312500298023224 0.19583334028720856
1 0.734375 0.19687500596046448 0.11562500149011612 0.18541668355464935
1 0.805468738079071 0.10000000894069672 0.12343750149011612 0.19583334028720856
1 0.93359375 0.14791667461395264 0.1328125 0.21666668355464935
1 0.5179687738418579 0.23645834624767303 0.16093750298023224 0.18958334624767303
1 0.671875 0.3864583671092987 0.1875 0.1770833432674408
0 0.3960937559604645 0.8989583849906921 0.07656250149011612 0.08541667461395264
0 0.2523437440395355 0.4802083671092987 0.06718750298023224 0.08541667461395264
0 0.4390625059604645 0.05625000223517418 0.05937499925494194 0.08750000596046448
0 0.68359375 0.28541669249534607 0.05781250074505806 0.07500000298023224
2 0.699999988079071 0.6739583611488342 0.3687500059604645 0.4687500298023224
