1 0.1171875 0.7072917222976685 0.15312500298023224 0.19375000894069672
1 0.553906261920929 0.8270833492279053 0.19218750298023224 0.21666668355464935
1 0.905468761920929 0.5250000357627869 0.18906250596046448 0.26250001788139343
1 0.844531238079071 0.1875000149011612 0.18906250596046448 0.26250001788139343
1 0.7125000357627869 0.08229167014360428 0.16875000298023224 0.16041667759418488
1 0.590624988079071 0.6177083849906921 0.15937499701976776 0.19375000894069672
1 0.7523437738418579 0.6791666746139526 0.2109375 0.21250000596046448
1 0.932812511920929 0.8177083730697632 0.13437500596046448 0.21041667461395264
1 0.07968749850988388 0.9072917103767395 0.15000000596046448 0.18541668355464935
1 0.19218750298023224 0.15520833432674408 0.15937499701976776 0.23125001788139343
1 0.3257812559604645 0.5145833492279053 0.20156250894069672 0.24166667461395264
1 0.28046876192092896 0.7625000476837158 0.1796875 0.19583334028720856
1 0.1171875 0.7072917222976685 0.15312500298023224 0.19375000894069672
1 0.553906261920929 0.8270833492279053 0.19218750298023224 0.21666668355464935
1 0.905468761920929 0.5250000357627869 0.18906250596046448 0.26250001788139343
1 0.844531238079071 0.1875000149011612 0.18906250596046448 0.26250001788139343
1 0.7125000357627869 0.08229167014360428 0.16875000298023224 0.16041667759418488
1 0.590624988079071 0.6177083849906921 0.15937499701976776 0.19375000894069672
1 0.7523437738418579 0.6791666746139526 0.2109375 0.21250000596046448
1 0.932812511920929 0.8177083730697632 0.13437500596046448 0.21041667461395264
1 0.07968749850988388 0.9072917103767395 0.15000000596046448 0.18541668355464935
1 0.19218750298023224 0.15520833432674408 0.15937499701976776 0.23125001788139343
1 0.3257812559604645 0.5145833492279053 0.20156250894069672 0.24166667461395264
1 0.28046876192092896 0.7625000476837158 0.1796875 0.19583334028720856
