2 0.30781251192092896 0.5322917103767395 0.25312501192092896 0.2645833492279053
1 0.16875000298023224 0.22291667759418488 0.13437500596046448 0.2708333432674408
1 0.44218751788139343 0.6854166984558105 0.14687500894069672 0.20000001788139343
1 0.628125011920929 0.7583333849906921 0.14687500894069672 0.20000001788139343
1 0.925000011920929 0.5208333730697632 0.14687500894069672 0.26250001788139343
1 0.92578125 0.30000001192092896 0.1484375 0.26250001788139343
1 0.9390625357627869 0.10625000298023224 0.12187500298023224 0.2083333432674408
1 0.32109376788139343 0.0885416716337204 0.17031250894069672 0.17291668057441711
1 0.503125011920929 0.08125000447034836 0.23125000298023224 0.15833334624767303
1 0.55859375 0.39791667461395264 0.17031250894069672 0.17500001192092896
1 0.27734375 0.8885416984558105 0.2578125 0.20625001192092896
0 0.6656250357627869 0.41041669249534607 0.078125 0.07500000298023224
0 0.02421875111758709 0.628125011920929 0.04531250149011612 0.08125000447034836
1 0.77734375 0.5958333611488342 0.17343750596046448 0.2666666805744171
1 0.715624988079071 0.8208333849906921 0.14687500894069672 0.20000001788139343
1 0.801562488079071 0.9000000357627869 0.15625 0.20000001788139343
2 0.30781251192092896 0.5322917103767395 0.25312501192092896 0.2645833492279053
1 0.16875000298023224 0.22291667759418488 0.13437500596046448 0.2708333432674408
1 0.44218751788139343 0.6854166984558105 0.14687500894069672 0.20000001788139343
1 0.628125011920929 0.7583333849906921 0.14687500894069672 0.20000001788139343
1 0.925000011920929 0.5208333730697632 0.14687500894069672 0.26250001788139343
1 0.92578125 0.30000001192092896 0.1484375 0.26250001788139343
1 0.9390625357627869 0.10625000298023224 0.12187500298023224 0.2083333432674408
1 0.32109376788139343 0.0885416716337204 0.17031250894069672 0.17291668057441711
1 0.503125011920929 0.08125000447034836 0.23125000298023224 0.15833334624767303
1 0.55859375 0.39791667461395264 0.17031250894069672 0.17500001192092896
1 0.27734375 0.8885416984558105 0.2578125 0.20625001192092896
0 0.6656250357627869 0.41041669249534607 0.078125 0.07500000298023224
0 0.02421875111758709 0.628125011920929 0.04531250149011612 0.08125000447034836
1 0.77734375 0.5958333611488342 0.17343750596046448 0.2666666805744171
1 0.715624988079071 0.8208333849906921 0.14687500894069672 0.20000001788139343
1 0.801562488079071 0.9000000357627869 0.15625 0.20000001788139343
