1 0.850781261920929 0.3375000059604645 0.1796875 0.23333334922790527
1 0.84765625 0.5687500238418579 0.1796875 0.23333334922790527
1 0.08437500149011612 0.7906250357627869 0.16562500596046448 0.23541668057441711
1 0.778124988079071 0.768750011920929 0.15937499701976776 0.19583334028720856
1 0.4375 0.21458333730697632 0.15937499701976776 0.19583334028720856
1 0.06093750149011612 0.06875000149011612 0.11874999850988388 0.13333334028720856
1 0.5843750238418579 0.6489583849906921 0.15937499701976776 0.16041667759418488
1 0.30156251788139343 0.6302083730697632 0.15937499701976776 0.16041667759418488
1 0.42500001192092896 0.38854169845581055 0.15937499701976776 0.16041667759418488
1 0.6109375357627869 0.08125000447034836 0.15937499701976776 0.15833334624767303
1 0.3695312440395355 0.8250000476837158 0.16093750298023224 0.18333333730697632
1 0.19921875 0.3062500059604645 0.16093750298023224 0.18333333730697632
1 0.70703125 0.3333333432674408 0.16718749701976776 0.22083334624767303
1 0.65625 0.8687500357627869 0.18437500298023224 0.21666668355464935
1 0.41328126192092896 0.6604167222976685 0.1171875 0.15000000596046448
2 0.09531249850988388 0.5364583730697632 0.1875 0.24375000596046448
0 0.8515625 0.6489583849906921 0.04062500223517418 0.05625000223517418
1 0.850781261920929 0.3375000059604645 0.1796875 0.23333334922790527
1 0.84765625 0.5687500238418579 0.1796875 0.23333334922790527
1 0.08437500149011612 0.7906250357627869 0.16562500596046448 0.23541668057441711
1 0.778124988079071 0.768750011920929 0.15937499701976776 0.19583334028720856
1 0.4375 0.21458333730697632 0.15937499701976776 0.19583334028720856
1 0.06093750149011612 0.06875000149011612 0.11874999850988388 0.13333334028720856
1 0.5843750238418579 0.6489583849906921 0.15937499701976776 0.16041667759418488
1 0.30156251788139343 0.6302083730697632 0.15937499701976776 0.16041667759418488
1 0.42500001192092896 0.38854169845581055 0.15937499701976776 0.16041667759418488
1 0.6109375357627869 0.08125000447034836 0.15937499701976776 0.15833334624767303
1 0.3695312440395355 0.8250000476837158 0.16093750298023224 0.18333333730697632
1 0.19921875 0.3062500059604645 0.16093750298023224 0.18333333730697632
1 0.70703125 0.3333333432674408 0.16718749701976776 0.22083334624767303
1 0.65625 0.8687500357627869 0.18437500298023224 0.21666668355464935
1 0.41328126192092896 0.6604167222976685 0.1171875 0.15000000596046448
2 0.09531249850988388 0.5364583730697632 0.1875 0.24375000596046448
0 0.8515625 0.6489583849906921 0.04062500223517418 0.05625000223517418
