2 0.6976562738418579 0.5625 0.30156251788139343 0.3708333671092987
2 0.6000000238418579 0.8656250238418579 0.23125000298023224 0.26875001192092896
0 0.848437488079071 0.7406250238418579 0.05937499925494194 0.08958333730697632
0 0.11093749850988388 0.22187501192092896 0.05937499925494194 0.08958333730697632
1 0.30156251788139343 0.4166666865348816 0.20624999701976776 0.2916666865348816
1 0.23593750596046448 0.7427083849906921 0.16875000298023224 0.24375000596046448
1 0.08437500149011612 0.8218750357627869 0.16562500596046448 0.24375000596046448
1 0.18437500298023224 0.9239583611488342 0.17499999701976776 0.15208333730697632
1 0.875 0.10312500596046448 0.13125000894069672 0.20208334922790527
1 0.8218750357627869 0.1510416716337204 0.13125000894069672 0.23125001788139343
1 0.772656261920929 0.18645834922790527 0.1328125 0.23125001788139343
1 0.7054687738418579 0.22812500596046448 0.1328125 0.23125001788139343
1 0.625781238079071 0.2906250059604645 0.1328125 0.23125001788139343
1 0.93359375 0.7031250596046448 0.1328125 0.23125001788139343
1 0.946093738079071 0.8500000238418579 0.10781250149011612 0.23333334922790527
1 0.21640625596046448 0.15729168057441711 0.11406250298023224 0.2187500149011612
1 0.28828126192092896 0.15416666865348816 0.12968750298023224 0.21666668355464935
1 0.5078125 0.14270834624767303 0.14687500894069672 0.2187500149011612
1 0.4117187559604645 0.7125000357627869 0.17656250298023224 0.2458333522081375
2 0.6976562738418579 0.5625 0.30156251788139343 0.3708333671092987
2 0.6000000238418579 0.8656250238418579 0.23125000298023224 0.26875001192092896
0 0.848437488079071 0.7406250238418579 0.05937499925494194 0.08958333730697632
0 0.11093749850988388 0.22187501192092896 0.05937499925494194 0.08958333730697632
1 0.30156251788139343 0.4166666865348816 0.20624999701976776 0.2916666865348816
1 0.23593750596046448 0.7427083849906921 0.16875000298023224 0.24375000596046448
1 0.08437500149011612 0.8218750357627869 0.16562500596046448 0.24375000596046448
1 0.18437500298023224 0.9239583611488342 0.17499999701976776 0.15208333730697632
1 0.875 0.10312500596046448 0.13125000894069672 0.20208334922790527
1 0.8218750357627869 0.1510416716337204 0.13125000894069672 0.23125001788139343
1 0.772656261920929 0.18645834922790527 0.1328125 0.23125001788139343
1 0.7054687738418579 0.22812500596046448 0.1328125 0.23125001788139343
1 0.625781238079071 0.2906250059604645 0.1328125 0.23125001788139343
1 0.93359375 0.7031250596046448 0.1328125 0.23125001788139343
1 0.946093738079071 0.8500000238418579 0.10781250149011612 0.23333334922790527
1 0.21640625596046448 0.15729168057441711 0.11406250298023224 0.2187500149011612
1 0.28828126192092896 0.15416666865348816 0.12968750298023224 0.21666668355464935
1 0.5078125 0.14270834624767303 0.14687500894069672 0.2187500149011612
1 0.4117187559604645 0.7125000357627869 0.17656250298023224 0.2458333522081375
