1 0.7406250238418579 0.22291667759418488 0.16875000298023224 0.20416668057441711
1 0.807812511920929 0.3541666865348816 0.16875000298023224 0.20416668057441711
1 0.5023437738418579 0.07500000298023224 0.17343750596046448 0.1458333432674408
1 0.54296875 0.16354167461395264 0.17343750596046448 0.14791667461395264
1 0.801562488079071 0.8281250596046448 0.16875000298023224 0.19375000894069672
1 0.10312499850988388 0.5333333611488342 0.16875000298023224 0.2083333432674408
1 0.2874999940395355 0.2604166865348816 0.16875000298023224 0.2083333432674408
1 0.871874988079071 0.5781250596046448 0.16250000894069672 0.23125001788139343
1 0.08437500149011612 0.16458334028720856 0.16562500596046448 0.28333336114883423
2 0.43437501788139343 0.7447916865348816 0.3375000059604645 0.39791667461395264
0 0.48515626788139343 0.31562501192092896 0.06093750149011612 0.08125000447034836
0 0.639843761920929 0.4177083671092987 0.06093750149011612 0.08125000447034836
1 0.7406250238418579 0.22291667759418488 0.16875000298023224 0.20416668057441711
1 0.807812511920929 0.3541666865348816 0.16875000298023224 0.20416668057441711
1 0.5023437738418579 0.07500000298023224 0.17343750596046448 0.1458333432674408
1 0.54296875 0.16354167461395264 0.17343750596046448 0.14791667461395264
1 0.801562488079071 0.8281250596046448 0.16875000298023224 0.19375000894069672
1 0.10312499850988388 0.5333333611488342 0.16875000298023224 0.2083333432674408
1 0.2874999940395355 0.2604166865348816 0.16875000298023224 0.2083333432674408
1 0.871874988079071 0.5781250596046448 0.16250000894069672 0.23125001788139343
1 0.08437500149011612 0.16458334028720856 0.16562500596046448 0.28333336114883423
2 0.43437501788139343 0.7447916865348816 0.3375000059604645 0.39791667461395264
0 0.48515626788139343 0.31562501192092896 0.06093750149011612 0.08125000447034836
0 0.639843761920929 0.4177083671092987 0.06093750149011612 0.08125000447034836
