1 0.4453125 0.11354167014360428 0.14374999701976776 0.20208334922790527
1 0.8648437857627869 0.16354167461395264 0.20781250298023224 0.24375000596046448
1 0.7359375357627869 0.47187501192092896 0.16562500596046448 0.23125001788139343
1 0.84765625 0.6416667103767395 0.17343750596046448 0.2291666716337204
1 0.5140625238418579 0.8979167342185974 0.171875 0.20416668057441711
0 0.3343749940395355 0.1197916716337204 0.06875000149011612 0.08958333730697632
0 0.265625 0.2031250149011612 0.06562500447034836 0.08125000447034836
0 0.893750011920929 0.5 0.08749999850988388 0.11250000447034836
2 0.39531251788139343 0.42604169249534607 0.265625 0.3437500298023224
1 0.4453125 0.11354167014360428 0.14374999701976776 0.20208334922790527
1 0.8648437857627869 0.16354167461395264 0.20781250298023224 0.24375000596046448
1 0.7359375357627869 0.47187501192092896 0.16562500596046448 0.23125001788139343
1 0.84765625 0.6416667103767395 0.17343750596046448 0.2291666716337204
1 0.5140625238418579 0.8979167342185974 0.171875 0.20416668057441711
0 0.3343749940395355 0.1197916716337204 0.06875000149011612 0.08958333730697632
0 0.265625 0.2031250149011612 0.06562500447034836 0.08125000447034836
0 0.893750011920929 0.5 0.08749999850988388 0.11250000447034836
2 0.39531251788139343 0.42604169249534607 0.265625 0.3437500298023224
