1 0.7562500238418579 0.14895834028720856 0.14687500894069672 0.1770833432674408
1 0.5179687738418579 0.22187501192092896 0.1640625 0.20208334922790527
1 0.2890625 0.2864583432674408 0.16250000894069672 0.17291668057441711
1 0.09765625 0.26979169249534607 0.12343750149011612 0.2604166865348816
1 0.852343738079071 0.43958336114883423 0.1796875 0.2666666805744171
1 0.5367187857627869 0.43020835518836975 0.1640625 0.20208334922790527
1 0.42500001192092896 0.4385416805744171 0.14374999701976776 0.20208334922790527
1 0.5054687857627869 0.7677083611488342 0.1640625 0.20208334922790527
1 0.5882812738418579 0.6416667103767395 0.1796875 0.2083333432674408
1 0.69140625 0.5479167103767395 0.1796875 0.2083333432674408
1 0.8726562857627869 0.7312500476837158 0.1796875 0.2083333432674408
1 0.25859376788139343 0.45729169249534607 0.15156249701976776 0.18958334624767303
1 0.18984375894069672 0.47812503576278687 0.15156249701976776 0.18958334624767303
1 0.2554687559604645 0.6677083969116211 0.18281249701976776 0.1979166716337204
1 0.38359376788139343 0.8656250238418579 0.18281249701976776 0.1979166716337204
1 0.3609375059604645 0.10104167461395264 0.22500000894069672 0.1979166716337204
1 0.7250000238418579 0.7427083849906921 0.14687500894069672 0.1770833432674408
1 0.7046875357627869 0.8489583730697632 0.14687500894069672 0.1770833432674408
2 0.18828125298023224 0.9000000357627869 0.30781251192092896 0.20000001788139343
1 0.7562500238418579 0.14895834028720856 0.14687500894069672 0.1770833432674408
1 0.5179687738418579 0.22187501192092896 0.1640625 0.20208334922790527
1 0.2890625 0.2864583432674408 0.16250000894069672 0.17291668057441711
1 0.09765625 0.26979169249534607 0.12343750149011612 0.2604166865348816
1 0.852343738079071 0.43958336114883423 0.1796875 0.2666666805744171
1 0.5367187857627869 0.43020835518836975 0.1640625 0.20208334922790527
1 0.42500001192092896 0.4385416805744171 0.14374999701976776 0.20208334922790527
1 0.5054687857627869 0.7677083611488342 0.1640625 0.20208334922790527
1 0.5882812738418579 0.6416667103767395 0.1796875 0.2083333432674408
1 0.69140625 0.5479167103767395 0.1796875 0.2083333432674408
1 0.8726562857627869 0.7312500476837158 0.1796875 0.2083333432674408
1 0.25859376788139343 0.45729169249534607 0.15156249701976776 0.18958334624767303
1 0.18984375894069672 0.47812503576278687 0.15156249701976776 0.18958334624767303
1 0.2554687559604645 0.6677083969116211 0.18281249701976776 0.1979166716337204
1 0.38359376788139343 0.8656250238418579 0.18281249701976776 0.1979166716337204
1 0.3609375059604645 0.10104167461395264 0.22500000894069672 0.1979166716337204
1 0.7250000238418579 0.7427083849906921 0.14687500894069672 0.1770833432674408
1 0.7046875357627869 0.8489583730697632 0.14687500894069672 0.1770833432674408
2 0.18828125298023224 0.9000000357627869 0.30781251192092896 0.20000001788139343
