2 0.42265626788139343 0.6958333849906921 0.23281250894069672 0.32083335518836975
2 0.09531249850988388 0.20208334922790527 0.1875 0.23750001192092896
1 0.21640625596046448 0.8791667222976685 0.22031250596046448 0.21250000596046448
1 0.17421875894069672 0.6989583969116211 0.1328125 0.1979166716337204
1 0.723437488079071 0.2239583432674408 0.16875000298023224 0.22291667759418488
1 0.16093750298023224 0.4072916805744171 0.16875000298023224 0.22291667759418488
1 0.4078125059604645 0.2343750149011612 0.16875000298023224 0.22291667759418488
1 0.3499999940395355 0.41354167461395264 0.16875000298023224 0.22291667759418488
1 0.5546875 0.15937501192092896 0.16875000298023224 0.22291667759418488
1 0.870312511920929 0.46145835518836975 0.16875000298023224 0.22291667759418488
1 0.8968750238418579 0.3072916865348816 0.16875000298023224 0.22291667759418488
1 0.8734375238418579 0.17395834624767303 0.16875000298023224 0.22291667759418488
1 0.8890625238418579 0.9322916865348816 0.16562500596046448 0.1354166716337204
1 0.0625 0.7895833849906921 0.12187500298023224 0.23333334922790527
0 0.83984375 0.8229166865348816 0.0546875 0.07500000298023224
0 0.9039062857627869 0.8000000715255737 0.0546875 0.07500000298023224
0 0.578906238079071 0.9416667222976685 0.0546875 0.07500000298023224
0 0.20624999701976776 0.29479166865348816 0.05625000223517418 0.06458333879709244
1 0.678906261920929 0.7614583969116211 0.1484375 0.19375000894069672
0 0.811718761920929 0.6833333969116211 0.0546875 0.07500000298023224
2 0.42265626788139343 0.6958333849906921 0.23281250894069672 0.32083335518836975
2 0.09531249850988388 0.20208334922790527 0.1875 0.23750001192092896
1 0.21640625596046448 0.8791667222976685 0.22031250596046448 0.21250000596046448
1 0.17421875894069672 0.6989583969116211 0.1328125 0.1979166716337204
1 0.723437488079071 0.2239583432674408 0.16875000298023224 0.22291667759418488
1 0.16093750298023224 0.4072916805744171 0.16875000298023224 0.22291667759418488
1 0.4078125059604645 0.2343750149011612 0.16875000298023224 0.22291667759418488
1 0.3499999940395355 0.41354167461395264 0.16875000298023224 0.22291667759418488
1 0.5546875 0.15937501192092896 0.16875000298023224 0.22291667759418488
1 0.870312511920929 0.46145835518836975 0.16875000298023224 0.22291667759418488
1 0.8968750238418579 0.3072916865348816 0.16875000298023224 0.22291667759418488
1 0.8734375238418579 0.17395834624767303 0.16875000298023224 0.22291667759418488
1 0.8890625238418579 0.9322916865348816 0.16562500596046448 0.1354166716337204
1 0.0625 0.7895833849906921 0.12187500298023224 0.23333334922790527
0 0.83984375 0.8229166865348816 0.0546875 0.07500000298023224
0 0.9039062857627869 0.8000000715255737 0.0546875 0.07500000298023224
0 0.578906238079071 0.9416667222976685 0.0546875 0.07500000298023224
0 0.20624999701976776 0.29479166865348816 0.05625000223517418 0.06458333879709244
1 0.678906261920929 0.7614583969116211 0.1484375 0.19375000894069672
0 0.811718761920929 0.6833333969116211 0.0546875 0.07500000298023224
