2 0.1796875 0.5687500238418579 0.3531250059604645 0.3583333492279053
1 0.643750011920929 0.4020833671092987 0.19687500596046448 0.19583334028720856
1 0.671875 0.5458333492279053 0.16562500596046448 0.21666668355464935
1 0.7093750238418579 0.7312500476837158 0.16562500596046448 0.21666668355464935
1 0.5328125357627869 0.6958333849906921 0.140625 0.22083334624767303
1 0.46484375 0.7812500596046448 0.14531250298023224 0.2666666805744171
1 0.3375000059604645 0.7354167103767395 0.15000000596046448 0.20416668057441711
1 0.10859375447034836 0.8010417222976685 0.17343750596046448 0.20625001192092896
1 0.2945312559604645 0.9083333611488342 0.1953125 0.17916667461395264
1 0.578906238079071 0.8885416984558105 0.12968750298023224 0.21041667461395264
1 0.891406238079071 0.8447917103767395 0.16093750298023224 0.20625001192092896
1 0.82421875 0.6385416984558105 0.16093750298023224 0.20625001192092896
1 0.844531238079071 0.5052083730697632 0.16093750298023224 0.20625001192092896
1 0.940625011920929 0.5833333730697632 0.11874999850988388 0.20000001788139343
0 0.6875 0.8781250715255737 0.07187499850988388 0.07708333432674408
0 0.5843750238418579 0.1302083432674408 0.07187499850988388 0.07708333432674408
1 0.4085937440395355 0.13229167461395264 0.12968750298023224 0.18125000596046448
1 0.859375 0.2979166805744171 0.171875 0.25416669249534607
1 0.53125 0.9489583969116211 0.12812499701976776 0.10208334028720856
2 0.1796875 0.5687500238418579 0.3531250059604645 0.3583333492279053
1 0.643750011920929 0.4020833671092987 0.19687500596046448 0.19583334028720856
1 0.671875 0.5458333492279053 0.16562500596046448 0.21666668355464935
1 0.7093750238418579 0.7312500476837158 0.16562500596046448 0.21666668355464935
1 0.5328125357627869 0.6958333849906921 0.140625 0.22083334624767303
1 0.46484375 0.7812500596046448 0.14531250298023224 0.2666666805744171
1 0.3375000059604645 0.7354167103767395 0.15000000596046448 0.20416668057441711
1 0.10859375447034836 0.8010417222976685 0.17343750596046448 0.20625001192092896
1 0.2945312559604645 0.9083333611488342 0.1953125 0.17916667461395264
1 0.578906238079071 0.8885416984558105 0.12968750298023224 0.21041667461395264
1 0.891406238079071 0.8447917103767395 0.16093750298023224 0.20625001192092896
1 0.82421875 0.6385416984558105 0.16093750298023224 0.20625001192092896
1 0.844531238079071 0.5052083730697632 0.16093750298023224 0.20625001192092896
1 0.940625011920929 0.5833333730697632 0.11874999850988388 0.20000001788139343
0 0.6875 0.8781250715255737 0.07187499850988388 0.07708333432674408
0 0.5843750238418579 0.1302083432674408 0.07187499850988388 0.07708333432674408
1 0.4085937440395355 0.13229167461395264 0.12968750298023224 0.18125000596046448
1 0.859375 0.2979166805744171 0.171875 0.25416669249534607
1 0.53125 0.9489583969116211 0.12812499701976776 0.10208334028720856
