1 0.40625 0.706250011920929 0.16250000894069672 0.25416669249534607
1 0.4671874940395355 0.5927083492279053 0.16250000894069672 0.2187500149011612
1 0.589062511920929 0.4489583671092987 0.16250000894069672 0.2187500149011612
1 0.4828124940395355 0.3281250298023224 0.16250000894069672 0.2187500149011612
1 0.2710937559604645 0.9093750715255737 0.22968749701976776 0.18125000596046448
1 0.08203125 0.2343750149011612 0.16093750298023224 0.2187500149011612
2 0.6773437857627869 0.16354167461395264 0.24843750894069672 0.31041666865348816
0 0.3882812559604645 0.33645835518836975 0.05781250074505806 0.06458333879709244
1 0.40625 0.706250011920929 0.16250000894069672 0.25416669249534607
1 0.4671874940395355 0.5927083492279053 0.16250000894069672 0.2187500149011612
1 0.589062511920929 0.4489583671092987 0.16250000894069672 0.2187500149011612
1 0.4828124940395355 0.3281250298023224 0.16250000894069672 0.2187500149011612
1 0.2710937559604645 0.9093750715255737 0.22968749701976776 0.18125000596046448
1 0.08203125 0.2343750149011612 0.16093750298023224 0.2187500149011612
2 0.6773437857627869 0.16354167461395264 0.24843750894069672 0.31041666865348816
0 0.3882812559604645 0.33645835518836975 0.05781250074505806 0.06458333879709244
