1 0.80859375 0.5177083611488342 0.19843749701976776 0.21458333730697632
1 0.5289062857627869 0.7010416984558105 0.11093749850988388 0.2187500149011612
1 0.62890625 0.4385416805744171 0.19843749701976776 0.21458333730697632
1 0.625781238079071 0.43437501788139343 0.19843749701976776 0.21458333730697632
1 0.5703125 0.3343750238418579 0.13125000894069672 0.16875000298023224
1 0.46484375 0.2822916805744171 0.19843749701976776 0.21458333730697632
1 0.4124999940395355 0.11354167014360428 0.16562500596046448 0.22291667759418488
1 0.07109375298023224 0.14166668057441711 0.13906250894069672 0.22500000894069672
1 0.05000000074505806 0.39270836114883423 0.09687500447034836 0.21041667461395264
1 0.41093751788139343 0.8125000596046448 0.16562500596046448 0.22500000894069672
1 0.09453125298023224 0.8750000596046448 0.16093750298023224 0.20416668057441711
1 0.09765625 0.6687500476837158 0.16093750298023224 0.20416668057441711
1 0.20390625298023224 0.8510417342185974 0.1640625 0.16875000298023224
1 0.84375 0.13125000894069672 0.15625 0.22083334624767303
1 0.934374988079071 0.33645835518836975 0.13125000894069672 0.14791667461395264
2 0.2789062559604645 0.5552083849906921 0.33906251192092896 0.4229166805744171
0 0.625 0.6093750596046448 0.09687500447034836 0.1354166716337204
0 0.921093761920929 0.0468750037252903 0.07968749850988388 0.08958333730697632
1 0.80859375 0.5177083611488342 0.19843749701976776 0.21458333730697632
1 0.5289062857627869 0.7010416984558105 0.11093749850988388 0.2187500149011612
1 0.62890625 0.4385416805744171 0.19843749701976776 0.21458333730697632
1 0.625781238079071 0.43437501788139343 0.19843749701976776 0.21458333730697632
1 0.5703125 0.3343750238418579 0.13125000894069672 0.16875000298023224
1 0.46484375 0.2822916805744171 0.19843749701976776 0.21458333730697632
1 0.4124999940395355 0.11354167014360428 0.16562500596046448 0.22291667759418488
1 0.07109375298023224 0.14166668057441711 0.13906250894069672 0.22500000894069672
1 0.05000000074505806 0.39270836114883423 0.09687500447034836 0.21041667461395264
1 0.41093751788139343 0.8125000596046448 0.16562500596046448 0.22500000894069672
1 0.09453125298023224 0.8750000596046448 0.16093750298023224 0.20416668057441711
1 0.09765625 0.6687500476837158 0.16093750298023224 0.20416668057441711
1 0.20390625298023224 0.8510417342185974 0.1640625 0.16875000298023224
1 0.84375 0.13125000894069672 0.15625 0.22083334624767303
1 0.934374988079071 0.33645835518836975 0.13125000894069672 0.14791667461395264
2 0.2789062559604645 0.5552083849906921 0.33906251192092896 0.4229166805744171
0 0.625 0.6093750596046448 0.09687500447034836 0.1354166716337204
0 0.921093761920929 0.0468750037252903 0.07968749850988388 0.08958333730697632
