2 0.516406238079071 0.4229166805744171 0.1640625 0.23333334922790527
0 0.3492187559604645 0.4750000238418579 0.05156249925494194 0.05833333730697632
0 0.42890626192092896 0.5770833492279053 0.05156249925494194 0.05833333730697632
0 0.04062500223517418 0.612500011920929 0.04374999925494194 0.07083334028720856
1 0.15234375 0.34583336114883423 0.20468750596046448 0.2666666805744171
1 0.10390625149011612 0.09479167312383652 0.1484375 0.18541668355464935
1 0.07500000298023224 0.1458333432674408 0.14687500894069672 0.1875000149011612
1 0.26250001788139343 0.14791667461395264 0.18125000596046448 0.19166667759418488
1 0.4007812440395355 0.09687500447034836 0.1796875 0.18958334624767303
1 0.6734375357627869 0.6729167103767395 0.16875000298023224 0.2083333432674408
1 0.7203125357627869 0.8947917222976685 0.140625 0.21041667461395264
1 0.4906249940395355 0.8947917222976685 0.140625 0.21041667461395264
1 0.692187488079071 0.47187501192092896 0.15937499701976776 0.20625001192092896
1 0.8109375238418579 0.19062501192092896 0.12812499701976776 0.18541668355464935
1 0.9312500357627869 0.10104167461395264 0.13750000298023224 0.1979166716337204
1 0.534375011920929 0.6697916984558105 0.16250000894069672 0.22291667759418488
1 0.4437499940395355 0.7322916984558105 0.16250000894069672 0.22291667759418488
1 0.3023437559604645 0.7677083611488342 0.17031250894069672 0.21041667461395264
1 0.5375000238418579 0.20104168355464935 0.15000000596046448 0.18958334624767303
1 0.6546875238418579 0.2510416805744171 0.15000000596046448 0.18958334624767303
1 0.76953125 0.04791666939854622 0.16718749701976776 0.09166666865348816
2 0.516406238079071 0.4229166805744171 0.1640625 0.23333334922790527
0 0.3492187559604645 0.4750000238418579 0.05156249925494194 0.05833333730697632
0 0.42890626192092896 0.5770833492279053 0.05156249925494194 0.05833333730697632
0 0.04062500223517418 0.612500011920929 0.04374999925494194 0.07083334028720856
1 0.15234375 0.34583336114883423 0.20468750596046448 0.2666666805744171
1 0.10390625149011612 0.09479167312383652 0.1484375 0.18541668355464935
1 0.07500000298023224 0.1458333432674408 0.14687500894069672 0.1875000149011612
1 0.26250001788139343 0.14791667461395264 0.18125000596046448 0.19166667759418488
1 0.4007812440395355 0.09687500447034836 0.1796875 0.18958334624767303
1 0.6734375357627869 0.6729167103767395 0.16875000298023224 0.2083333432674408
1 0.7203125357627869 0.8947917222976685 0.140625 0.21041667461395264
1 0.4906249940395355 0.8947917222976685 0.140625 0.21041667461395264
1 0.692187488079071 0.47187501192092896 0.15937499701976776 0.20625001192092896
1 0.8109375238418579 0.19062501192092896 0.12812499701976776 0.18541668355464935
1 0.9312500357627869 0.10104167461395264 0.13750000298023224 0.1979166716337204
1 0.534375011920929 0.6697916984558105 0.16250000894069672 0.22291667759418488
1 0.4437499940395355 0.7322916984558105 0.16250000894069672 0.22291667759418488
1 0.3023437559604645 0.7677083611488342 0.17031250894069672 0.21041667461395264
1 0.5375000238418579 0.20104168355464935 0.15000000596046448 0.18958334624767303
1 0.6546875238418579 0.2510416805744171 0.15000000596046448 0.18958334624767303
1 0.76953125 0.04791666939854622 0.16718749701976776 0.09166666865348816
