1 0.835156261920929 0.0989583358168602 0.17031250894069672 0.18958334624767303
1 0.6265625357627869 0.534375011920929 0.16875000298023224 0.2395833432674408
1 0.8375000357627869 0.8572916984558105 0.13125000894069672 0.22708334028720856
1 0.9234375357627869 0.2822916805744171 0.13125000894069672 0.22708334028720856
1 0.682812511920929 0.8552083969116211 0.16875000298023224 0.2395833432674408
1 0.625 0.10104167461395264 0.16562500596046448 0.1979166716337204
1 0.18515625596046448 0.27916666865348816 0.19843749701976776 0.23750001192092896
1 0.4859375059604645 0.16354167461395264 0.17812500894069672 0.21041667461395264
1 0.10312499850988388 0.5177083611488342 0.19062499701976776 0.21041667461395264
1 0.71484375 0.4687500298023224 0.17031250894069672 0.25
1 0.7132812738418579 0.6572917103767395 0.15156249701976776 0.21458333730697632
2 0.17656250298023224 0.8447917103767395 0.3499999940395355 0.3062500059604645
0 0.831250011920929 0.4218750298023224 0.07187499850988388 0.08541667461395264
1 0.835156261920929 0.0989583358168602 0.17031250894069672 0.18958334624767303
1 0.6265625357627869 0.534375011920929 0.16875000298023224 0.2395833432674408
1 0.8375000357627869 0.8572916984558105 0.13125000894069672 0.22708334028720856
1 0.9234375357627869 0.2822916805744171 0.13125000894069672 0.22708334028720856
1 0.682812511920929 0.8552083969116211 0.16875000298023224 0.2395833432674408
1 0.625 0.10104167461395264 0.16562500596046448 0.1979166716337204
1 0.18515625596046448 0.27916666865348816 0.19843749701976776 0.23750001192092896
1 0.4859375059604645 0.16354167461395264 0.17812500894069672 0.21041667461395264
1 0.10312499850988388 0.5177083611488342 0.19062499701976776 0.21041667461395264
1 0.71484375 0.4687500298023224 0.17031250894069672 0.25
1 0.7132812738418579 0.6572917103767395 0.15156249701976776 0.21458333730697632
2 0.17656250298023224 0.8447917103767395 0.3499999940395355 0.3062500059604645
0 0.831250011920929 0.4218750298023224 0.07187499850988388 0.08541667461395264
