1 0.7265625 0.49270835518836975 0.1875 0.18958334624767303
1 0.534375011920929 0.6552083492279053 0.1875 0.18958334624767303
1 0.2750000059604645 0.8572916984558105 0.1875 0.18958334624767303
1 0.13593749701976776 0.6802083849906921 0.1875 0.18958334624767303
1 0.16718749701976776 0.2927083373069763 0.1875 0.18958334624767303
1 0.32500001788139343 0.16458334028720856 0.15000000596046448 0.17916667461395264
1 0.7265625 0.1979166716337204 0.17499999701976776 0.19166667759418488
1 0.4437499940395355 0.7625000476837158 0.17499999701976776 0.22500000894069672
1 0.2578125 0.4833333492279053 0.17499999701976776 0.22500000894069672
1 0.53515625 0.2239583432674408 0.15468750894069672 0.2187500149011612
1 0.15156249701976776 0.08645834028720856 0.15000000596046448 0.16875000298023224
1 0.883593738079071 0.9333333969116211 0.16718749701976776 0.13333334028720856
2 0.4195312559604645 0.4906250238418579 0.18593750894069672 0.2604166865348816
1 0.7265625 0.49270835518836975 0.1875 0.18958334624767303
1 0.534375011920929 0.6552083492279053 0.1875 0.18958334624767303
1 0.2750000059604645 0.8572916984558105 0.1875 0.18958334624767303
1 0.13593749701976776 0.6802083849906921 0.1875 0.18958334624767303
1 0.16718749701976776 0.2927083373069763 0.1875 0.18958334624767303
1 0.32500001788139343 0.16458334028720856 0.15000000596046448 0.17916667461395264
1 0.7265625 0.1979166716337204 0.17499999701976776 0.19166667759418488
1 0.4437499940395355 0.7625000476837158 0.17499999701976776 0.22500000894069672
1 0.2578125 0.4833333492279053 0.17499999701976776 0.22500000894069672
1 0.53515625 0.2239583432674408 0.15468750894069672 0.2187500149011612
1 0.15156249701976776 0.08645834028720856 0.15000000596046448 0.16875000298023224
1 0.883593738079071 0.9333333969116211 0.16718749701976776 0.13333334028720856
2 0.4195312559604645 0.4906250238418579 0.18593750894069672 0.2604166865348816
