1 0.6265625357627869 0.4947916865348816 0.171875 0.17291668057441711
1 0.46562501788139343 0.6406250596046448 0.171875 0.17291668057441711
1 0.4546875059604645 0.46250003576278687 0.16250000894069672 0.20000001788139343
1 0.4437499940395355 0.09270834177732468 0.16250000894069672 0.18125000596046448
1 0.24609375 0.11145833879709244 0.16718749701976776 0.2187500149011612
1 0.557812511920929 0.23125001788139343 0.18125000596046448 0.21250000596046448
1 0.8687500357627869 0.1614583432674408 0.17812500894069672 0.20625001192092896
1 0.09218750149011612 0.6979166865348816 0.16250000894069672 0.20000001788139343
1 0.40937501192092896 0.8645833730697632 0.16250000894069672 0.20000001788139343
1 0.8515625 0.30416667461395264 0.16250000894069672 0.20000001788139343
1 0.746874988079071 0.07083334028720856 0.10625000298023224 0.13750000298023224
1 0.08515625447034836 0.9218750596046448 0.12656250596046448 0.1562500149011612
1 0.30000001192092896 0.6666666865348816 0.13437500596046448 0.17083334922790527
1 0.2718749940395355 0.8760417103767395 0.11562500149011612 0.16041667759418488
2 0.5875000357627869 0.8416666984558105 0.234375 0.24166667461395264
0 0.592968761920929 0.6718750596046448 0.06718750298023224 0.0937500074505806
0 0.42265626788139343 0.22812500596046448 0.06718750298023224 0.0937500074505806
1 0.6265625357627869 0.4947916865348816 0.171875 0.17291668057441711
1 0.46562501788139343 0.6406250596046448 0.171875 0.17291668057441711
1 0.4546875059604645 0.46250003576278687 0.16250000894069672 0.20000001788139343
1 0.4437499940395355 0.09270834177732468 0.16250000894069672 0.18125000596046448
1 0.24609375 0.11145833879709244 0.16718749701976776 0.2187500149011612
1 0.557812511920929 0.23125001788139343 0.18125000596046448 0.21250000596046448
1 0.8687500357627869 0.1614583432674408 0.17812500894069672 0.20625001192092896
1 0.09218750149011612 0.6979166865348816 0.16250000894069672 0.20000001788139343
1 0.40937501192092896 0.8645833730697632 0.16250000894069672 0.20000001788139343
1 0.8515625 0.30416667461395264 0.16250000894069672 0.20000001788139343
1 0.746874988079071 0.07083334028720856 0.10625000298023224 0.13750000298023224
1 0.08515625447034836 0.9218750596046448 0.12656250596046448 0.1562500149011612
1 0.30000001192092896 0.6666666865348816 0.13437500596046448 0.17083334922790527
1 0.2718749940395355 0.8760417103767395 0.11562500149011612 0.16041667759418488
2 0.5875000357627869 0.8416666984558105 0.234375 0.24166667461395264
0 0.592968761920929 0.6718750596046448 0.06718750298023224 0.0937500074505806
0 0.42265626788139343 0.22812500596046448 0.06718750298023224 0.0937500074505806
