2 0.17734375596046448 0.6770833730697632 0.2828125059604645 0.40000003576278687
2 0.585156261920929 0.753125011920929 0.4234375059604645 0.4520833492279053
1 0.34062501788139343 0.565625011920929 0.15937499701976776 0.24791668355464935
1 0.18671874701976776 0.3968750238418579 0.15781250596046448 0.2187500149011612
1 0.13203124701976776 0.265625 0.12968750298023224 0.18125000596046448
1 0.4945312440395355 0.4364583492279053 0.12968750298023224 0.18125000596046448
1 0.55078125 0.4635416865348816 0.12968750298023224 0.18125000596046448
1 0.4820312559604645 0.2343750149011612 0.12968750298023224 0.18125000596046448
1 0.5445312857627869 0.24687501788139343 0.12968750298023224 0.18125000596046448
1 0.594531238079071 0.25729167461395264 0.12968750298023224 0.18125000596046448
1 0.785937488079071 0.07187500596046448 0.14687500894069672 0.13958333432674408
1 0.5804687738418579 0.0729166716337204 0.1796875 0.14166668057441711
1 0.3984375 0.04583333432674408 0.171875 0.08750000596046448
1 0.09062500298023224 0.0833333358168602 0.13125000894069672 0.16250000894069672
1 0.737500011920929 0.2760416865348816 0.20624999701976776 0.2187500149011612
1 0.9375 0.6052083373069763 0.125 0.22708334028720856
1 0.946093738079071 0.4520833492279053 0.10781250149011612 0.17916667461395264
1 0.942187488079071 0.2458333522081375 0.11562500149011612 0.17500001192092896
2 0.17734375596046448 0.6770833730697632 0.2828125059604645 0.40000003576278687
2 0.585156261920929 0.753125011920929 0.4234375059604645 0.4520833492279053
1 0.34062501788139343 0.565625011920929 0.15937499701976776 0.24791668355464935
1 0.18671874701976776 0.3968750238418579 0.15781250596046448 0.2187500149011612
1 0.13203124701976776 0.265625 0.12968750298023224 0.18125000596046448
1 0.4945312440395355 0.4364583492279053 0.12968750298023224 0.18125000596046448
1 0.55078125 0.4635416865348816 0.12968750298023224 0.18125000596046448
1 0.4820312559604645 0.2343750149011612 0.12968750298023224 0.18125000596046448
1 0.5445312857627869 0.24687501788139343 0.12968750298023224 0.18125000596046448
1 0.594531238079071 0.25729167461395264 0.12968750298023224 0.18125000596046448
1 0.785937488079071 0.07187500596046448 0.14687500894069672 0.13958333432674408
1 0.5804687738418579 0.0729166716337204 0.1796875 0.14166668057441711
1 0.3984375 0.04583333432674408 0.171875 0.08750000596046448
1 0.09062500298023224 0.0833333358168602 0.13125000894069672 0.16250000894069672
1 0.737500011920929 0.2760416865348816 0.20624999701976776 0.2187500149011612
1 0.9375 0.6052083373069763 0.125 0.22708334028720856
1 0.946093738079071 0.4520833492279053 0.10781250149011612 0.17916667461395264
1 0.942187488079071 0.2458333522081375 0.11562500149011612 0.17500001192092896
