1 0.49140626192092896 0.13958333432674408 0.18281249701976776 0.21250000596046448
1 0.7171875238418579 0.18020834028720856 0.14687500894069672 0.20625001192092896
1 0.2523437440395355 0.11354167014360428 0.14531250298023224 0.18541668355464935
1 0.8960937857627869 0.44687503576278687 0.18281249701976776 0.29375001788139343
1 0.6695312857627869 0.6052083373069763 0.17343750596046448 0.22291667759418488
1 0.87109375 0.20520834624767303 0.17343750596046448 0.22291667759418488
1 0.14765624701976776 0.30416667461395264 0.15468750894069672 0.21666668355464935
1 0.813281238079071 0.7677083611488342 0.17343750596046448 0.22291667759418488
1 0.3382812440395355 0.7406250238418579 0.17343750596046448 0.22291667759418488
1 0.58984375 0.8010417222976685 0.17343750596046448 0.22291667759418488
1 0.2734375 0.9083333611488342 0.19062499701976776 0.18333333730697632
1 0.84765625 0.9312500357627869 0.18906250596046448 0.13750000298023224
2 0.4507812559604645 0.4593750238418579 0.3359375 0.43958336114883423
0 0.785937488079071 0.4791666865348816 0.07187499850988388 0.09166666865348816
1 0.49140626192092896 0.13958333432674408 0.18281249701976776 0.21250000596046448
1 0.7171875238418579 0.18020834028720856 0.14687500894069672 0.20625001192092896
1 0.2523437440395355 0.11354167014360428 0.14531250298023224 0.18541668355464935
1 0.8960937857627869 0.44687503576278687 0.18281249701976776 0.29375001788139343
1 0.6695312857627869 0.6052083373069763 0.17343750596046448 0.22291667759418488
1 0.87109375 0.20520834624767303 0.17343750596046448 0.22291667759418488
1 0.14765624701976776 0.30416667461395264 0.15468750894069672 0.21666668355464935
1 0.813281238079071 0.7677083611488342 0.17343750596046448 0.22291667759418488
1 0.3382812440395355 0.7406250238418579 0.17343750596046448 0.22291667759418488
1 0.58984375 0.8010417222976685 0.17343750596046448 0.22291667759418488
1 0.2734375 0.9083333611488342 0.19062499701976776 0.18333333730697632
1 0.84765625 0.9312500357627869 0.18906250596046448 0.13750000298023224
2 0.4507812559604645 0.4593750238418579 0.3359375 0.43958336114883423
0 0.785937488079071 0.4791666865348816 0.07187499850988388 0.09166666865348816
