1 0.75 0.27916666865348816 0.16562500596046448 0.19583334028720856
1 0.70703125 0.45729169249534607 0.16718749701976776 0.21041667461395264
1 0.7554687857627869 0.08229167014360428 0.17031250894069672 0.16041667759418488
1 0.14296875894069672 0.3083333373069763 0.1640625 0.22083334624767303
1 0.534375011920929 0.7947916984558105 0.18437500298023224 0.22291667759418488
1 0.745312511920929 0.6531250476837158 0.18437500298023224 0.22291667759418488
1 0.05703125149011612 0.43958336114883423 0.11093749850988388 0.17916667461395264
1 0.13125000894069672 0.6875000596046448 0.19375000894069672 0.19583334028720856
2 0.45234376192092896 0.5197917222976685 0.2984375059604645 0.41458335518836975
0 0.824999988079071 0.44062501192092896 0.08749999850988388 0.0937500074505806
1 0.75 0.27916666865348816 0.16562500596046448 0.19583334028720856
1 0.70703125 0.45729169249534607 0.16718749701976776 0.21041667461395264
1 0.7554687857627869 0.08229167014360428 0.17031250894069672 0.16041667759418488
1 0.14296875894069672 0.3083333373069763 0.1640625 0.22083334624767303
1 0.534375011920929 0.7947916984558105 0.18437500298023224 0.22291667759418488
1 0.745312511920929 0.6531250476837158 0.18437500298023224 0.22291667759418488
1 0.05703125149011612 0.43958336114883423 0.11093749850988388 0.17916667461395264
1 0.13125000894069672 0.6875000596046448 0.19375000894069672 0.19583334028720856
2 0.45234376192092896 0.5197917222976685 0.2984375059604645 0.41458335518836975
0 0.824999988079071 0.44062501192092896 0.08749999850988388 0.0937500074505806
