1 0.625781238079071 0.22604167461395264 0.20468750596046448 0.22708334028720856
1 0.71875 0.46250003576278687 0.17812500894069672 0.21666668355464935
1 0.8460937738418579 0.5052083730697632 0.17656250298023224 0.17291668057441711
1 0.616406261920929 0.8875000476837158 0.14531250298023224 0.22500000894069672
1 0.10078125447034836 0.6875000596046448 0.14531250298023224 0.22500000894069672
1 0.23984375596046448 0.13437500596046448 0.1640625 0.2187500149011612
0 0.02187499962747097 0.27291667461395264 0.04062500223517418 0.07500000298023224
2 0.46875 0.5166667103767395 0.27812501788139343 0.31666669249534607
0 0.91796875 0.9135417342185974 0.05781250074505806 0.06875000149011612
1 0.625781238079071 0.22604167461395264 0.20468750596046448 0.22708334028720856
1 0.71875 0.46250003576278687 0.17812500894069672 0.21666668355464935
1 0.8460937738418579 0.5052083730697632 0.17656250298023224 0.17291668057441711
1 0.616406261920929 0.8875000476837158 0.14531250298023224 0.22500000894069672
1 0.10078125447034836 0.6875000596046448 0.14531250298023224 0.22500000894069672
1 0.23984375596046448 0.13437500596046448 0.1640625 0.2187500149011612
0 0.02187499962747097 0.27291667461395264 0.04062500223517418 0.07500000298023224
2 0.46875 0.5166667103767395 0.27812501788139343 0.31666669249534607
0 0.91796875 0.9135417342185974 0.05781250074505806 0.06875000149011612
