1 0.3734374940395355 0.6604167222976685 0.20624999701976776 0.17916667461395264
1 0.2718749940395355 0.8562500476837158 0.19375000894069672 0.25833335518836975
1 0.265625 0.28958335518836975 0.19375000894069672 0.25833335518836975
1 0.5648437738418579 0.3125000298023224 0.19218750298023224 0.23750001192092896
1 0.6468750238418579 0.10625000298023224 0.20000000298023224 0.2083333432674408
1 0.542187511920929 0.5364583730697632 0.17499999701976776 0.23541668057441711
1 0.6031250357627869 0.7979167103767395 0.21562500298023224 0.25833335518836975
1 0.7828125357627869 0.28541669249534607 0.20937500894069672 0.20000001788139343
1 0.921875 0.3343750238418579 0.15625 0.2395833432674408
1 0.23046875 0.0781250074505806 0.1640625 0.15208333730697632
2 0.7734375 0.5895833373069763 0.3187499940395355 0.45000001788139343
1 0.3734374940395355 0.6604167222976685 0.20624999701976776 0.17916667461395264
1 0.2718749940395355 0.8562500476837158 0.19375000894069672 0.25833335518836975
1 0.265625 0.28958335518836975 0.19375000894069672 0.25833335518836975
1 0.5648437738418579 0.3125000298023224 0.19218750298023224 0.23750001192092896
1 0.6468750238418579 0.10625000298023224 0.20000000298023224 0.2083333432674408
1 0.542187511920929 0.5364583730697632 0.17499999701976776 0.23541668057441711
1 0.6031250357627869 0.7979167103767395 0.21562500298023224 0.25833335518836975
1 0.7828125357627869 0.28541669249534607 0.20937500894069672 0.20000001788139343
1 0.921875 0.3343750238418579 0.15625 0.2395833432674408
1 0.23046875 0.0781250074505806 0.1640625 0.15208333730697632
2 0.7734375 0.5895833373069763 0.3187499940395355 0.45000001788139343
