1 0.524218738079071 0.36770835518836975 0.12031250447034836 0.18958334624767303
1 0.8375000357627869 0.5520833730697632 0.19687500596046448 0.20000001788139343
1 0.6429687738418579 0.37812501192092896 0.16093750298023224 0.23125001788139343
1 0.32734376192092896 0.5270833373069763 0.20468750596046448 0.2875000238418579
1 0.11015625298023224 0.6833333969116211 0.10468750447034836 0.20416668057441711
1 0.796093761920929 0.1979166716337204 0.10468750447034836 0.20416668057441711
1 0.883593738079071 0.7645833492279053 0.11406250298023224 0.20000001788139343
1 0.09609375149011612 0.9229167103767395 0.1640625 0.15416666865348816
1 0.40546876192092896 0.6854166984558105 0.1640625 0.1875000149011612
2 0.61328125 0.7697917222976685 0.3046875 0.3229166865348816
0 0.2632812559604645 0.9197916984558105 0.04843750223517418 0.06875000149011612
1 0.6640625 0.19583334028720856 0.15000000596046448 0.20000001788139343
1 0.524218738079071 0.36770835518836975 0.12031250447034836 0.18958334624767303
1 0.8375000357627869 0.5520833730697632 0.19687500596046448 0.20000001788139343
1 0.6429687738418579 0.37812501192092896 0.16093750298023224 0.23125001788139343
1 0.32734376192092896 0.5270833373069763 0.20468750596046448 0.2875000238418579
1 0.11015625298023224 0.6833333969116211 0.10468750447034836 0.20416668057441711
1 0.796093761920929 0.1979166716337204 0.10468750447034836 0.20416668057441711
1 0.883593738079071 0.7645833492279053 0.11406250298023224 0.20000001788139343
1 0.09609375149011612 0.9229167103767395 0.1640625 0.15416666865348816
1 0.40546876192092896 0.6854166984558105 0.1640625 0.1875000149011612
2 0.61328125 0.7697917222976685 0.3046875 0.3229166865348816
0 0.2632812559604645 0.9197916984558105 0.04843750223517418 0.06875000149011612
1 0.6640625 0.19583334028720856 0.15000000596046448 0.20000001788139343
