2 0.22890625894069672 0.34791669249534607 0.22031250596046448 0.25416669249534607
2 0.8882812857627869 0.8166667222976685 0.22031250596046448 0.36666667461395264
0 0.3031249940395355 0.19895833730697632 0.05312500149011612 0.08125000447034836
0 0.12187500298023224 0.9593750238418579 0.05312500149011612 0.08125000447034836
1 0.12578125298023224 0.7895833849906921 0.19843749701976776 0.20416668057441711
1 0.26640626788139343 0.8208333849906921 0.19843749701976776 0.20416668057441711
1 0.23359374701976776 0.5666667222976685 0.19843749701976776 0.20416668057441711
1 0.14765624701976776 0.5354167222976685 0.19843749701976776 0.20416668057441711
1 0.672656238079071 0.6979166865348816 0.19843749701976776 0.20416668057441711
1 0.639843761920929 0.46666669845581055 0.19843749701976776 0.20416668057441711
1 0.561718761920929 0.1979166716337204 0.19843749701976776 0.20416668057441711
1 0.7250000238418579 0.28333336114883423 0.14687500894069672 0.21666668355464935
1 0.07968749850988388 0.1093750074505806 0.14687500894069672 0.21458333730697632
1 0.06093750149011612 0.30937501788139343 0.11874999850988388 0.21458333730697632
1 0.940625011920929 0.22500000894069672 0.11874999850988388 0.2458333522081375
1 0.8828125 0.3864583671092987 0.18125000596046448 0.24791668355464935
2 0.22890625894069672 0.34791669249534607 0.22031250596046448 0.25416669249534607
2 0.8882812857627869 0.8166667222976685 0.22031250596046448 0.36666667461395264
0 0.3031249940395355 0.19895833730697632 0.05312500149011612 0.08125000447034836
0 0.12187500298023224 0.9593750238418579 0.05312500149011612 0.08125000447034836
1 0.12578125298023224 0.7895833849906921 0.19843749701976776 0.20416668057441711
1 0.26640626788139343 0.8208333849906921 0.19843749701976776 0.20416668057441711
1 0.23359374701976776 0.5666667222976685 0.19843749701976776 0.20416668057441711
1 0.14765624701976776 0.5354167222976685 0.19843749701976776 0.20416668057441711
1 0.672656238079071 0.6979166865348816 0.19843749701976776 0.20416668057441711
1 0.639843761920929 0.46666669845581055 0.19843749701976776 0.20416668057441711
1 0.561718761920929 0.1979166716337204 0.19843749701976776 0.20416668057441711
1 0.7250000238418579 0.28333336114883423 0.14687500894069672 0.21666668355464935
1 0.07968749850988388 0.1093750074505806 0.14687500894069672 0.21458333730697632
1 0.06093750149011612 0.30937501788139343 0.11874999850988388 0.21458333730697632
1 0.940625011920929 0.22500000894069672 0.11874999850988388 0.2458333522081375
1 0.8828125 0.3864583671092987 0.18125000596046448 0.24791668355464935
