0 0.14296875894069672 0.6927083730697632 0.0546875 0.08125000447034836
2 0.4390625059604645 0.7260417342185974 0.3812499940395355 0.49791669845581055
1 0.699999988079071 0.2343750149011612 0.14687500894069672 0.23125001788139343
1 0.772656261920929 0.265625 0.1640625 0.2604166865348816
1 0.3890624940395355 0.4010416865348816 0.17812500894069672 0.23125001788139343
1 0.12343750149011612 0.21145834028720856 0.17812500894069672 0.23125001788139343
1 0.2984375059604645 0.21562501788139343 0.17812500894069672 0.23125001788139343
1 0.800000011920929 0.659375011920929 0.16562500596046448 0.20625001192092896
0 0.14296875894069672 0.6927083730697632 0.0546875 0.08125000447034836
2 0.4390625059604645 0.7260417342185974 0.3812499940395355 0.49791669845581055
1 0.699999988079071 0.2343750149011612 0.14687500894069672 0.23125001788139343
1 0.772656261920929 0.265625 0.1640625 0.2604166865348816
1 0.3890624940395355 0.4010416865348816 0.17812500894069672 0.23125001788139343
1 0.12343750149011612 0.21145834028720856 0.17812500894069672 0.23125001788139343
1 0.2984375059604645 0.21562501788139343 0.17812500894069672 0.23125001788139343
1 0.800000011920929 0.659375011920929 0.16562500596046448 0.20625001192092896
