1 0.8828125 0.4177083671092987 0.17499999701976776 0.22291667759418488
1 0.7484375238418579 0.4208333492279053 0.109375 0.23333334922790527
1 0.6265625357627869 0.5697916746139526 0.17499999701976776 0.22708334028720856
1 0.542187511920929 0.8177083730697632 0.1875 0.2187500149011612
1 0.06796874850988388 0.41562503576278687 0.1328125 0.18958334624767303
1 0.5406250357627869 0.2760416865348816 0.13437500596046448 0.18958334624767303
1 0.660937488079071 0.1197916716337204 0.13437500596046448 0.18958334624767303
1 0.9390625357627869 0.6260417103767395 0.11874999850988388 0.20625001192092896
1 0.20703125 0.1041666716337204 0.15468750894069672 0.20416668057441711
1 0.16796875 0.2802083492279053 0.17343750596046448 0.19375000894069672
2 0.14765624701976776 0.7156250476837158 0.2890625 0.4020833671092987
0 0.9390625357627869 0.9156250357627869 0.06875000149011612 0.06875000149011612
1 0.5625 0.7468750476837158 0.15312500298023224 0.14791667461395264
1 0.3609375059604645 0.5145833492279053 0.17812500894069672 0.15000000596046448
1 0.8828125 0.4177083671092987 0.17499999701976776 0.22291667759418488
1 0.7484375238418579 0.4208333492279053 0.109375 0.23333334922790527
1 0.6265625357627869 0.5697916746139526 0.17499999701976776 0.22708334028720856
1 0.542187511920929 0.8177083730697632 0.1875 0.2187500149011612
1 0.06796874850988388 0.41562503576278687 0.1328125 0.18958334624767303
1 0.5406250357627869 0.2760416865348816 0.13437500596046448 0.18958334624767303
1 0.660937488079071 0.1197916716337204 0.13437500596046448 0.18958334624767303
1 0.9390625357627869 0.6260417103767395 0.11874999850988388 0.20625001192092896
1 0.20703125 0.1041666716337204 0.15468750894069672 0.20416668057441711
1 0.16796875 0.2802083492279053 0.17343750596046448 0.19375000894069672
2 0.14765624701976776 0.7156250476837158 0.2890625 0.4020833671092987
0 0.9390625357627869 0.9156250357627869 0.06875000149011612 0.06875000149011612
1 0.5625 0.7468750476837158 0.15312500298023224 0.14791667461395264
1 0.3609375059604645 0.5145833492279053 0.17812500894069672 0.15000000596046448
