1 0.08906250447034836 0.8864583969116211 0.16562500596046448 0.20625001192092896
1 0.542187511920929 0.20729167759418488 0.16562500596046448 0.20625001192092896
1 0.2945312559604645 0.5145833492279053 0.1328125 0.16250000894069672
1 0.835156261920929 0.7447916865348816 0.15468750894069672 0.20625001192092896
1 0.9429687857627869 0.5072916746139526 0.11406250298023224 0.21041667461395264
1 0.7476562857627869 0.23854167759418488 0.15468750894069672 0.20625001192092896
1 0.8960937857627869 0.12604168057441711 0.15468750894069672 0.18958334624767303
1 0.6078125238418579 0.10104167461395264 0.16250000894069672 0.1979166716337204
1 0.13750000298023224 0.41458335518836975 0.15937499701976776 0.23750001192092896
1 0.19765625894069672 0.22291667759418488 0.20468750596046448 0.2875000238418579
1 0.2750000059604645 0.9072917103767395 0.125 0.16875000298023224
1 0.7679687738418579 0.4645833671092987 0.17656250298023224 0.17916667461395264
1 0.7515625357627869 0.9406250715255737 0.14374999701976776 0.10625000298023224
1 0.9671875238418579 0.22083334624767303 0.06562500447034836 0.19166667759418488
2 0.5406250357627869 0.7135416865348816 0.2906250059604645 0.3645833432674408
0 0.4453125 0.14270834624767303 0.05937499925494194 0.06041666865348816
0 0.0234375 0.5541666746139526 0.04374999925494194 0.06666667014360428
1 0.08906250447034836 0.8864583969116211 0.16562500596046448 0.20625001192092896
1 0.542187511920929 0.20729167759418488 0.16562500596046448 0.20625001192092896
1 0.2945312559604645 0.5145833492279053 0.1328125 0.16250000894069672
1 0.835156261920929 0.7447916865348816 0.15468750894069672 0.20625001192092896
1 0.9429687857627869 0.5072916746139526 0.11406250298023224 0.21041667461395264
1 0.7476562857627869 0.23854167759418488 0.15468750894069672 0.20625001192092896
1 0.8960937857627869 0.12604168057441711 0.15468750894069672 0.18958334624767303
1 0.6078125238418579 0.10104167461395264 0.16250000894069672 0.1979166716337204
1 0.13750000298023224 0.41458335518836975 0.15937499701976776 0.23750001192092896
1 0.19765625894069672 0.22291667759418488 0.20468750596046448 0.2875000238418579
1 0.2750000059604645 0.9072917103767395 0.125 0.16875000298023224
1 0.7679687738418579 0.4645833671092987 0.17656250298023224 0.17916667461395264
1 0.7515625357627869 0.9406250715255737 0.14374999701976776 0.10625000298023224
1 0.9671875238418579 0.22083334624767303 0.06562500447034836 0.19166667759418488
2 0.5406250357627869 0.7135416865348816 0.2906250059604645 0.3645833432674408
0 0.4453125 0.14270834624767303 0.05937499925494194 0.06041666865348816
0 0.0234375 0.5541666746139526 0.04374999925494194 0.06666667014360428
