1 0.14453125 0.8916667103767395 0.1796875 0.21250000596046448
1 0.813281238079071 0.3541666865348816 0.1796875 0.21250000596046448
1 0.516406238079071 0.3385416865348816 0.10468750447034836 0.15208333730697632
1 0.15703125298023224 0.7000000476837158 0.13593749701976776 0.17916667461395264
1 0.12109375 0.30416667461395264 0.13593749701976776 0.17916667461395264
1 0.55859375 0.08958333730697632 0.13593749701976776 0.17500001192092896
1 0.62109375 0.8937500715255737 0.13593749701976776 0.17916667461395264
2 0.578125 0.596875011920929 0.3187499940395355 0.3812500238418579
0 0.24765625596046448 0.13854166865348816 0.05156249925494194 0.05625000223517418
1 0.34296876192092896 0.6781250238418579 0.19218750298023224 0.2187500149011612
1 0.14453125 0.8916667103767395 0.1796875 0.21250000596046448
1 0.813281238079071 0.3541666865348816 0.1796875 0.21250000596046448
1 0.516406238079071 0.3385416865348816 0.10468750447034836 0.15208333730697632
1 0.15703125298023224 0.7000000476837158 0.13593749701976776 0.17916667461395264
1 0.12109375 0.30416667461395264 0.13593749701976776 0.17916667461395264
1 0.55859375 0.08958333730697632 0.13593749701976776 0.17500001192092896
1 0.62109375 0.8937500715255737 0.13593749701976776 0.17916667461395264
2 0.578125 0.596875011920929 0.3187499940395355 0.3812500238418579
0 0.24765625596046448 0.13854166865348816 0.05156249925494194 0.05625000223517418
1 0.34296876192092896 0.6781250238418579 0.19218750298023224 0.2187500149011612
