1 0.557812511920929 0.15833334624767303 0.18437500298023224 0.22500000894069672
1 0.609375 0.7583333849906921 0.18437500298023224 0.22500000894069672
1 0.4765625 0.3968750238418579 0.13125000894069672 0.16875000298023224
1 0.39453125 0.11041667312383652 0.15156249701976776 0.21666668355464935
1 0.08203125 0.2770833373069763 0.12968750298023224 0.18333333730697632
1 0.23046875 0.5250000357627869 0.12968750298023224 0.18333333730697632
1 0.08046875149011612 0.7541667222976685 0.12968750298023224 0.18333333730697632
1 0.8882812857627869 0.3500000238418579 0.12968750298023224 0.18333333730697632
1 0.9117187857627869 0.6572917103767395 0.17343750596046448 0.23125001788139343
1 0.765625 0.8833333849906921 0.19375000894069672 0.23333334922790527
1 0.13906250894069672 0.39895835518836975 0.140625 0.1770833432674408
1 0.23281250894069672 0.16875000298023224 0.14687500894069672 0.17083334922790527
0 0.5765625238418579 0.4677083492279053 0.06875000149011612 0.07708333432674408
2 0.36406251788139343 0.7468750476837158 0.23749999701976776 0.3187500238418579
1 0.557812511920929 0.15833334624767303 0.18437500298023224 0.22500000894069672
1 0.609375 0.7583333849906921 0.18437500298023224 0.22500000894069672
1 0.4765625 0.3968750238418579 0.13125000894069672 0.16875000298023224
1 0.39453125 0.11041667312383652 0.15156249701976776 0.21666668355464935
1 0.08203125 0.2770833373069763 0.12968750298023224 0.18333333730697632
1 0.23046875 0.5250000357627869 0.12968750298023224 0.18333333730697632
1 0.08046875149011612 0.7541667222976685 0.12968750298023224 0.18333333730697632
1 0.8882812857627869 0.3500000238418579 0.12968750298023224 0.18333333730697632
1 0.9117187857627869 0.6572917103767395 0.17343750596046448 0.23125001788139343
1 0.765625 0.8833333849906921 0.19375000894069672 0.23333334922790527
1 0.13906250894069672 0.39895835518836975 0.140625 0.1770833432674408
1 0.23281250894069672 0.16875000298023224 0.14687500894069672 0.17083334922790527
0 0.5765625238418579 0.4677083492279053 0.06875000149011612 0.07708333432674408
2 0.36406251788139343 0.7468750476837158 0.23749999701976776 0.3187500238418579
