1 0.36328125 0.7614583969116211 0.19843749701976776 0.16458334028720856
1 0.4351562559604645 0.503125011920929 0.1953125 0.22708334028720856
1 0.21250000596046448 0.3500000238418579 0.13437500596046448 0.1666666716337204
1 0.234375 0.6322916746139526 0.140625 0.24375000596046448
1 0.08828125149011612 0.4385416805744171 0.16093750298023224 0.20208334922790527
1 0.09453125298023224 0.6197916865348816 0.1796875 0.18958334624767303
1 0.5570312738418579 0.5635417103767395 0.1796875 0.18958334624767303
1 0.6812500357627869 0.5802083611488342 0.19375000894069672 0.20625001192092896
1 0.34375 0.9322916865348816 0.1875 0.1354166716337204
0 0.7320312857627869 0.8687500357627869 0.0546875 0.07083334028720856
0 0.6351562738418579 0.95208340883255 0.07968749850988388 0.07083334028720856
0 0.875 0.8291667103767395 0.08125000447034836 0.11666667461395264
0 0.7640625238418579 0.9395833611488342 0.08125000447034836 0.09583333879709244
0 0.678906261920929 0.1614583432674408 0.07968749850988388 0.07708333432674408
0 0.13515625894069672 0.1875000149011612 0.04843750223517418 0.05833333730697632
2 0.11171875149011612 0.8447917103767395 0.20468750596046448 0.31041666865348816
1 0.36328125 0.7614583969116211 0.19843749701976776 0.16458334028720856
1 0.4351562559604645 0.503125011920929 0.1953125 0.22708334028720856
1 0.21250000596046448 0.3500000238418579 0.13437500596046448 0.1666666716337204
1 0.234375 0.6322916746139526 0.140625 0.24375000596046448
1 0.08828125149011612 0.4385416805744171 0.16093750298023224 0.20208334922790527
1 0.09453125298023224 0.6197916865348816 0.1796875 0.18958334624767303
1 0.5570312738418579 0.5635417103767395 0.1796875 0.18958334624767303
1 0.6812500357627869 0.5802083611488342 0.19375000894069672 0.20625001192092896
1 0.34375 0.9322916865348816 0.1875 0.1354166716337204
0 0.7320312857627869 0.8687500357627869 0.0546875 0.07083334028720856
0 0.6351562738418579 0.95208340883255 0.07968749850988388 0.07083334028720856
0 0.875 0.8291667103767395 0.08125000447034836 0.11666667461395264
0 0.7640625238418579 0.9395833611488342 0.08125000447034836 0.09583333879709244
0 0.678906261920929 0.1614583432674408 0.07968749850988388 0.07708333432674408
0 0.13515625894069672 0.1875000149011612 0.04843750223517418 0.05833333730697632
2 0.11171875149011612 0.8447917103767395 0.20468750596046448 0.31041666865348816
