1 0.3492187559604645 0.2708333432674408 0.1953125 0.2291666716337204
1 0.17734375596046448 0.2968750298023224 0.20468750596046448 0.26875001192092896
1 0.9007812738418579 0.4989583492279053 0.18906250596046448 0.23541668057441711
1 0.36250001192092896 0.8333333730697632 0.18437500298023224 0.20416668057441711
1 0.16562500596046448 0.8541666865348816 0.18437500298023224 0.20416668057441711
1 0.09296875447034836 0.125 0.18281249701976776 0.20416668057441711
1 0.796093761920929 0.14791667461395264 0.22031250596046448 0.25416669249534607
1 0.586718738079071 0.6104167103767395 0.18906250596046448 0.21250000596046448
1 0.8929687738418579 0.8854166865348816 0.1640625 0.19583334028720856
2 0.617968738079071 0.33020836114883423 0.3203125 0.4229166805744171
1 0.3492187559604645 0.2708333432674408 0.1953125 0.2291666716337204
1 0.17734375596046448 0.2968750298023224 0.20468750596046448 0.26875001192092896
1 0.9007812738418579 0.4989583492279053 0.18906250596046448 0.23541668057441711
1 0.36250001192092896 0.8333333730697632 0.18437500298023224 0.20416668057441711
1 0.16562500596046448 0.8541666865348816 0.18437500298023224 0.20416668057441711
1 0.09296875447034836 0.125 0.18281249701976776 0.20416668057441711
1 0.796093761920929 0.14791667461395264 0.22031250596046448 0.25416669249534607
1 0.586718738079071 0.6104167103767395 0.18906250596046448 0.21250000596046448
1 0.8929687738418579 0.8854166865348816 0.1640625 0.19583334028720856
2 0.617968738079071 0.33020836114883423 0.3203125 0.4229166805744171
