1 0.22968749701976776 0.10625000298023224 0.19062499701976776 0.2083333432674408
1 0.2796874940395355 0.2718750238418579 0.19687500596046448 0.26875001192092896
1 0.38671875 0.08020833879709244 0.1953125 0.1562500149011612
1 0.870312511920929 0.2958333492279053 0.15312500298023224 0.20000001788139343
1 0.06406249850988388 0.7000000476837158 0.12187500298023224 0.21250000596046448
1 0.942187488079071 0.7906250357627869 0.11562500149011612 0.1770833432674408
2 0.7890625 0.6135417222976685 0.26250001788139343 0.3187500238418579
1 0.41484376788139343 0.5166667103767395 0.15468750894069672 0.20000001788139343
1 0.4554687440395355 0.5041667222976685 0.15468750894069672 0.20000001788139343
1 0.5289062857627869 0.5062500238418579 0.15468750894069672 0.20000001788139343
1 0.22968749701976776 0.10625000298023224 0.19062499701976776 0.2083333432674408
1 0.2796874940395355 0.2718750238418579 0.19687500596046448 0.26875001192092896
1 0.38671875 0.08020833879709244 0.1953125 0.1562500149011612
1 0.870312511920929 0.2958333492279053 0.15312500298023224 0.20000001788139343
1 0.06406249850988388 0.7000000476837158 0.12187500298023224 0.21250000596046448
1 0.942187488079071 0.7906250357627869 0.11562500149011612 0.1770833432674408
2 0.7890625 0.6135417222976685 0.26250001788139343 0.3187500238418579
1 0.41484376788139343 0.5166667103767395 0.15468750894069672 0.20000001788139343
1 0.4554687440395355 0.5041667222976685 0.15468750894069672 0.20000001788139343
1 0.5289062857627869 0.5062500238418579 0.15468750894069672 0.20000001788139343
