1 0.52734375 0.7625000476837158 0.18281249701976776 0.23333334922790527
1 0.675000011920929 0.4854166805744171 0.18437500298023224 0.17500001192092896
1 0.782031238079071 0.8364583849906921 0.16718749701976776 0.19375000894069672
1 0.8695312738418579 0.4385416805744171 0.1640625 0.22708334028720856
1 0.858593761920929 0.7270833849906921 0.15781250596046448 0.19166667759418488
1 0.727343738079071 0.9302083849906921 0.14531250298023224 0.13958333432674408
1 0.15703125298023224 0.8364583849906921 0.12968750298023224 0.20208334922790527
1 0.39453125 0.3447916805744171 0.15468750894069672 0.1979166716337204
1 0.8382812738418579 0.11354167014360428 0.15468750894069672 0.1979166716337204
1 0.65625 0.2927083373069763 0.18437500298023224 0.19375000894069672
1 0.12265624850988388 0.12395834177732468 0.15468750894069672 0.1979166716337204
1 0.23125000298023224 0.3062500059604645 0.16250000894069672 0.1875000149011612
1 0.43671876192092896 0.11145833879709244 0.16093750298023224 0.20625001192092896
1 0.5921875238418579 0.0833333358168602 0.16875000298023224 0.16250000894069672
1 0.2710937559604645 0.1041666716337204 0.1484375 0.20416668057441711
1 0.08359374850988388 0.5010417103767395 0.1640625 0.18541668355464935
2 0.3218750059604645 0.6729167103767395 0.27812501788139343 0.38750001788139343
1 0.52734375 0.7625000476837158 0.18281249701976776 0.23333334922790527
1 0.675000011920929 0.4854166805744171 0.18437500298023224 0.17500001192092896
1 0.782031238079071 0.8364583849906921 0.16718749701976776 0.19375000894069672
1 0.8695312738418579 0.4385416805744171 0.1640625 0.22708334028720856
1 0.858593761920929 0.7270833849906921 0.15781250596046448 0.19166667759418488
1 0.727343738079071 0.9302083849906921 0.14531250298023224 0.13958333432674408
1 0.15703125298023224 0.8364583849906921 0.12968750298023224 0.20208334922790527
1 0.39453125 0.3447916805744171 0.15468750894069672 0.1979166716337204
1 0.8382812738418579 0.11354167014360428 0.15468750894069672 0.1979166716337204
1 0.65625 0.2927083373069763 0.18437500298023224 0.19375000894069672
1 0.12265624850988388 0.12395834177732468 0.15468750894069672 0.1979166716337204
1 0.23125000298023224 0.3062500059604645 0.16250000894069672 0.1875000149011612
1 0.43671876192092896 0.11145833879709244 0.16093750298023224 0.20625001192092896
1 0.5921875238418579 0.0833333358168602 0.16875000298023224 0.16250000894069672
1 0.2710937559604645 0.1041666716337204 0.1484375 0.20416668057441711
1 0.08359374850988388 0.5010417103767395 0.1640625 0.18541668355464935
2 0.3218750059604645 0.6729167103767395 0.27812501788139343 0.38750001788139343
