1 0.676562488079071 0.4364583492279053 0.140625 0.2187500149011612
1 0.49921876192092896 0.9010416865348816 0.16718749701976776 0.1979166716337204
1 0.64453125 0.8552083969116211 0.16718749701976776 0.1979166716337204
1 0.573437511920929 0.6812500357627869 0.19062499701976776 0.22083334624767303
1 0.18281249701976776 0.7270833849906921 0.19062499701976776 0.22083334624767303
1 0.23749999701976776 0.4739583432674408 0.15000000596046448 0.21458333730697632
1 0.703125 0.13125000894069672 0.20000000298023224 0.2458333522081375
1 0.7734375 0.90520840883255 0.14374999701976776 0.18958334624767303
1 0.7328125238418579 0.6416667103767395 0.13750000298023224 0.23333334922790527
1 0.43828126788139343 0.07604166865348816 0.15781250596046448 0.14791667461395264
2 0.45390626788139343 0.36145836114883423 0.3765625059604645 0.4854166805744171
1 0.676562488079071 0.4364583492279053 0.140625 0.2187500149011612
1 0.49921876192092896 0.9010416865348816 0.16718749701976776 0.1979166716337204
1 0.64453125 0.8552083969116211 0.16718749701976776 0.1979166716337204
1 0.573437511920929 0.6812500357627869 0.19062499701976776 0.22083334624767303
1 0.18281249701976776 0.7270833849906921 0.19062499701976776 0.22083334624767303
1 0.23749999701976776 0.4739583432674408 0.15000000596046448 0.21458333730697632
1 0.703125 0.13125000894069672 0.20000000298023224 0.2458333522081375
1 0.7734375 0.90520840883255 0.14374999701976776 0.18958334624767303
1 0.7328125238418579 0.6416667103767395 0.13750000298023224 0.23333334922790527
1 0.43828126788139343 0.07604166865348816 0.15781250596046448 0.14791667461395264
2 0.45390626788139343 0.36145836114883423 0.3765625059604645 0.4854166805744171
