1 0.8304687738418579 0.14687500894069672 0.18906250596046448 0.24791668355464935
1 0.9312500357627869 0.5395833849906921 0.13750000298023224 0.2458333522081375
1 0.9000000357627869 0.7729167342185974 0.17499999701976776 0.2458333522081375
1 0.17890624701976776 0.6614583730697632 0.17656250298023224 0.2395833432674408
1 0.608593761920929 0.43125003576278687 0.16718749701976776 0.20416668057441711
1 0.21484375 0.8916667103767395 0.16718749701976776 0.20416668057441711
1 0.4437499940395355 0.7802083492279053 0.17812500894069672 0.22708334028720856
1 0.046875 0.7895833849906921 0.09062500298023224 0.21666668355464935
1 0.647656261920929 0.7468750476837158 0.12031250447034836 0.20208334922790527
0 0.3414062559604645 0.12291667610406876 0.26093751192092896 0.24166667461395264
1 0.8304687738418579 0.14687500894069672 0.18906250596046448 0.24791668355464935
1 0.9312500357627869 0.5395833849906921 0.13750000298023224 0.2458333522081375
1 0.9000000357627869 0.7729167342185974 0.17499999701976776 0.2458333522081375
1 0.17890624701976776 0.6614583730697632 0.17656250298023224 0.2395833432674408
1 0.608593761920929 0.43125003576278687 0.16718749701976776 0.20416668057441711
1 0.21484375 0.8916667103767395 0.16718749701976776 0.20416668057441711
1 0.4437499940395355 0.7802083492279053 0.17812500894069672 0.22708334028720856
1 0.046875 0.7895833849906921 0.09062500298023224 0.21666668355464935
1 0.647656261920929 0.7468750476837158 0.12031250447034836 0.20208334922790527
0 0.3414062559604645 0.12291667610406876 0.26093751192092896 0.24166667461395264
