1 0.2750000059604645 0.10208334028720856 0.19062499701976776 0.20000001788139343
1 0.3062500059604645 0.9166666865348816 0.18125000596046448 0.1666666716337204
1 0.9273437857627869 0.6135417222976685 0.14531250298023224 0.2187500149011612
1 0.09375 0.30937501788139343 0.18437500298023224 0.17291668057441711
1 0.3812499940395355 0.3802083432674408 0.19062499701976776 0.20208334922790527
1 0.1953125 0.7760416865348816 0.19062499701976776 0.20208334922790527
1 0.4765625 0.7468750476837158 0.17812500894069672 0.21458333730697632
1 0.8648437857627869 0.16875000298023224 0.18593750894069672 0.2458333522081375
1 0.925000011920929 0.33229169249534607 0.13750000298023224 0.20208334922790527
0 0.4390625059604645 0.2239583432674408 0.05625000223517418 0.07708333432674408
2 0.7015625238418579 0.7395833730697632 0.32500001788139343 0.37916669249534607
1 0.2750000059604645 0.10208334028720856 0.19062499701976776 0.20000001788139343
1 0.3062500059604645 0.9166666865348816 0.18125000596046448 0.1666666716337204
1 0.9273437857627869 0.6135417222976685 0.14531250298023224 0.2187500149011612
1 0.09375 0.30937501788139343 0.18437500298023224 0.17291668057441711
1 0.3812499940395355 0.3802083432674408 0.19062499701976776 0.20208334922790527
1 0.1953125 0.7760416865348816 0.19062499701976776 0.20208334922790527
1 0.4765625 0.7468750476837158 0.17812500894069672 0.21458333730697632
1 0.8648437857627869 0.16875000298023224 0.18593750894069672 0.2458333522081375
1 0.925000011920929 0.33229169249534607 0.13750000298023224 0.20208334922790527
0 0.4390625059604645 0.2239583432674408 0.05625000223517418 0.07708333432674408
2 0.7015625238418579 0.7395833730697632 0.32500001788139343 0.37916669249534607
