1 0.5843750238418579 0.596875011920929 0.15000000596046448 0.21458333730697632
1 0.3453125059604645 0.6739583611488342 0.15000000596046448 0.21458333730697632
1 0.4234375059604645 0.6760417222976685 0.15000000596046448 0.21458333730697632
1 0.45625001192092896 0.8552083969116211 0.16250000894069672 0.20625001192092896
1 0.20781250298023224 0.8031250238418579 0.16250000894069672 0.20625001192092896
1 0.08125000447034836 0.8197917342185974 0.15937499701976776 0.20625001192092896
1 0.620312511920929 0.9145833849906921 0.15000000596046448 0.17083334922790527
1 0.6781250238418579 0.88958340883255 0.15000000596046448 0.17083334922790527
1 0.715624988079071 0.8354167342185974 0.15000000596046448 0.17083334922790527
1 0.7796875238418579 0.7916666865348816 0.15000000596046448 0.17083334922790527
1 0.817187488079071 0.7500000596046448 0.15000000596046448 0.17083334922790527
1 0.848437488079071 0.7187500596046448 0.15000000596046448 0.17083334922790527
1 0.7578125 0.5041667222976685 0.15000000596046448 0.17083334922790527
1 0.809374988079071 0.5208333730697632 0.15000000596046448 0.17083334922790527
1 0.8656250238418579 0.5479167103767395 0.15000000596046448 0.17083334922790527
1 0.686718761920929 0.2958333492279053 0.15468750894069672 0.21666668355464935
1 0.078125 0.33541667461395264 0.15312500298023224 0.21666668355464935
1 0.203125 0.25208336114883423 0.15625 0.21666668355464935
1 0.3539062440395355 0.29895836114883423 0.1328125 0.16875000298023224
1 0.602343738079071 0.11145833879709244 0.1328125 0.16875000298023224
1 0.93359375 0.3739583492279053 0.1328125 0.16875000298023224
2 0.878125011920929 0.1718750149011612 0.22187499701976776 0.2562500238418579
1 0.43437501788139343 0.48854169249534607 0.15000000596046448 0.21458333730697632
1 0.328125 0.1927083432674408 0.15000000596046448 0.21458333730697632
0 0.2945312559604645 0.05625000223517418 0.04843750223517418 0.05833333730697632
1 0.5843750238418579 0.596875011920929 0.15000000596046448 0.21458333730697632
1 0.3453125059604645 0.6739583611488342 0.15000000596046448 0.21458333730697632
1 0.4234375059604645 0.6760417222976685 0.15000000596046448 0.21458333730697632
1 0.45625001192092896 0.8552083969116211 0.16250000894069672 0.20625001192092896
1 0.20781250298023224 0.8031250238418579 0.16250000894069672 0.20625001192092896
1 0.08125000447034836 0.8197917342185974 0.15937499701976776 0.20625001192092896
1 0.620312511920929 0.9145833849906921 0.15000000596046448 0.17083334922790527
1 0.6781250238418579 0.88958340883255 0.15000000596046448 0.17083334922790527
1 0.715624988079071 0.8354167342185974 0.15000000596046448 0.17083334922790527
1 0.7796875238418579 0.7916666865348816 0.15000000596046448 0.17083334922790527
1 0.817187488079071 0.7500000596046448 0.15000000596046448 0.17083334922790527
1 0.848437488079071 0.7187500596046448 0.15000000596046448 0.17083334922790527
1 0.7578125 0.5041667222976685 0.15000000596046448 0.17083334922790527
1 0.809374988079071 0.5208333730697632 0.15000000596046448 0.17083334922790527
1 0.8656250238418579 0.5479167103767395 0.15000000596046448 0.17083334922790527
1 0.686718761920929 0.2958333492279053 0.15468750894069672 0.21666668355464935
1 0.078125 0.33541667461395264 0.15312500298023224 0.21666668355464935
1 0.203125 0.25208336114883423 0.15625 0.21666668355464935
1 0.3539062440395355 0.29895836114883423 0.1328125 0.16875000298023224
1 0.602343738079071 0.11145833879709244 0.1328125 0.16875000298023224
1 0.93359375 0.3739583492279053 0.1328125 0.16875000298023224
2 0.878125011920929 0.1718750149011612 0.22187499701976776 0.2562500238418579
1 0.43437501788139343 0.48854169249534607 0.15000000596046448 0.21458333730697632
1 0.328125 0.1927083432674408 0.15000000596046448 0.21458333730697632
0 0.2945312559604645 0.05625000223517418 0.04843750223517418 0.05833333730697632
