1 0.42890626192092896 0.5802083611488342 0.15468750894069672 0.18958334624767303
1 0.81640625 0.5458333492279053 0.12343750149011612 0.1666666716337204
1 0.64453125 0.48750001192092896 0.17031250894069672 0.22083334624767303
1 0.608593761920929 0.8791667222976685 0.17031250894069672 0.22083334624767303
1 0.43046876788139343 0.8437500596046448 0.17031250894069672 0.22083334624767303
1 0.676562488079071 0.6843750476837158 0.171875 0.20625001192092896
1 0.729687511920929 0.16354167461395264 0.13750000298023224 0.19375000894069672
1 0.893750011920929 0.7010416984558105 0.17812500894069672 0.1979166716337204
1 0.11796875298023224 0.25416669249534607 0.16718749701976776 0.20416668057441711
1 0.27265626192092896 0.2510416805744171 0.15468750894069672 0.18958334624767303
1 0.43046876788139343 0.14791667461395264 0.16093750298023224 0.22083334624767303
1 0.5882812738418579 0.27395835518836975 0.15781250596046448 0.24375000596046448
1 0.932812511920929 0.2135416716337204 0.13437500596046448 0.2604166865348816
1 0.30078125 0.06875000149011612 0.15468750894069672 0.13333334028720856
2 0.171875 0.6489583849906921 0.34062501788139343 0.460416704416275
1 0.42890626192092896 0.5802083611488342 0.15468750894069672 0.18958334624767303
1 0.81640625 0.5458333492279053 0.12343750149011612 0.1666666716337204
1 0.64453125 0.48750001192092896 0.17031250894069672 0.22083334624767303
1 0.608593761920929 0.8791667222976685 0.17031250894069672 0.22083334624767303
1 0.43046876788139343 0.8437500596046448 0.17031250894069672 0.22083334624767303
1 0.676562488079071 0.6843750476837158 0.171875 0.20625001192092896
1 0.729687511920929 0.16354167461395264 0.13750000298023224 0.19375000894069672
1 0.893750011920929 0.7010416984558105 0.17812500894069672 0.1979166716337204
1 0.11796875298023224 0.25416669249534607 0.16718749701976776 0.20416668057441711
1 0.27265626192092896 0.2510416805744171 0.15468750894069672 0.18958334624767303
1 0.43046876788139343 0.14791667461395264 0.16093750298023224 0.22083334624767303
1 0.5882812738418579 0.27395835518836975 0.15781250596046448 0.24375000596046448
1 0.932812511920929 0.2135416716337204 0.13437500596046448 0.2604166865348816
1 0.30078125 0.06875000149011612 0.15468750894069672 0.13333334028720856
2 0.171875 0.6489583849906921 0.34062501788139343 0.460416704416275
