1 0.13984374701976776 0.8708333969116211 0.15781250596046448 0.20416668057441711
1 0.09453125298023224 0.6916667222976685 0.15156249701976776 0.20000001788139343
1 0.9140625 0.5281250476837158 0.171875 0.19375000894069672
1 0.5453125238418579 0.6427083611488342 0.15937499701976776 0.24791668355464935
1 0.6875 0.2031250149011612 0.15625 0.24375000596046448
1 0.20156250894069672 0.12083333730697632 0.15625 0.19583334028720856
1 0.6898437738418579 0.643750011920929 0.1796875 0.1875000149011612
1 0.09453125298023224 0.2760416865348816 0.15781250596046448 0.20625001192092896
1 0.15546874701976776 0.4208333492279053 0.16093750298023224 0.21250000596046448
1 0.34765625 0.675000011920929 0.15468750894069672 0.20416668057441711
1 0.9000000357627869 0.8770833611488342 0.16562500596046448 0.21250000596046448
1 0.359375 0.10833334177732468 0.15000000596046448 0.17500001192092896
2 0.44062501192092896 0.4010416865348816 0.3343749940395355 0.43958336114883423
1 0.13984374701976776 0.8708333969116211 0.15781250596046448 0.20416668057441711
1 0.09453125298023224 0.6916667222976685 0.15156249701976776 0.20000001788139343
1 0.9140625 0.5281250476837158 0.171875 0.19375000894069672
1 0.5453125238418579 0.6427083611488342 0.15937499701976776 0.24791668355464935
1 0.6875 0.2031250149011612 0.15625 0.24375000596046448
1 0.20156250894069672 0.12083333730697632 0.15625 0.19583334028720856
1 0.6898437738418579 0.643750011920929 0.1796875 0.1875000149011612
1 0.09453125298023224 0.2760416865348816 0.15781250596046448 0.20625001192092896
1 0.15546874701976776 0.4208333492279053 0.16093750298023224 0.21250000596046448
1 0.34765625 0.675000011920929 0.15468750894069672 0.20416668057441711
1 0.9000000357627869 0.8770833611488342 0.16562500596046448 0.21250000596046448
1 0.359375 0.10833334177732468 0.15000000596046448 0.17500001192092896
2 0.44062501192092896 0.4010416865348816 0.3343749940395355 0.43958336114883423
