0 0.7007812857627869 0.4427083432674408 0.09218750149011612 0.09791667014360428
2 0.6460937857627869 0.8447917103767395 0.19218750298023224 0.17291668057441711
1 0.43671876192092896 0.3177083432674408 0.16718749701976776 0.22291667759418488
1 0.71484375 0.16354167461395264 0.16718749701976776 0.22291667759418488
1 0.882031261920929 0.19062501192092896 0.16718749701976776 0.22291667759418488
1 0.797656238079071 0.5406250357627869 0.16718749701976776 0.22291667759418488
1 0.8304687738418579 0.8822917342185974 0.16718749701976776 0.22291667759418488
1 0.532031238079071 0.6072916984558105 0.16718749701976776 0.22291667759418488
0 0.6078125238418579 0.7468750476837158 0.05312500149011612 0.06458333879709244
1 0.14609375596046448 0.6885417103767395 0.16718749701976776 0.22291667759418488
1 0.0625 0.6833333969116211 0.12187500298023224 0.21250000596046448
1 0.20859375596046448 0.45729169249534607 0.16718749701976776 0.22291667759418488
1 0.3070312440395355 0.6218750476837158 0.16718749701976776 0.22291667759418488
1 0.30859375 0.8739583492279053 0.16718749701976776 0.22291667759418488
1 0.30546876788139343 0.8697916865348816 0.16718749701976776 0.22291667759418488
1 0.25390625 0.19687500596046448 0.16718749701976776 0.22291667759418488
1 0.8023437857627869 0.2343750149011612 0.16718749701976776 0.22291667759418488
1 0.9453125 0.6385416984558105 0.109375 0.21041667461395264
1 0.1796875 0.8989583849906921 0.16875000298023224 0.20208334922790527
1 0.08359374850988388 0.37812501192092896 0.1640625 0.22291667759418488
1 0.14765624701976776 0.10000000894069672 0.17031250894069672 0.19583334028720856
1 0.34296876192092896 0.10000000894069672 0.17031250894069672 0.19583334028720856
0 0.15234375 0.30104169249534607 0.0546875 0.06875000149011612
0 0.7007812857627869 0.4427083432674408 0.09218750149011612 0.09791667014360428
2 0.6460937857627869 0.8447917103767395 0.19218750298023224 0.17291668057441711
1 0.43671876192092896 0.3177083432674408 0.16718749701976776 0.22291667759418488
1 0.71484375 0.16354167461395264 0.16718749701976776 0.22291667759418488
1 0.882031261920929 0.19062501192092896 0.16718749701976776 0.22291667759418488
1 0.797656238079071 0.5406250357627869 0.16718749701976776 0.22291667759418488
1 0.8304687738418579 0.8822917342185974 0.16718749701976776 0.22291667759418488
1 0.532031238079071 0.6072916984558105 0.16718749701976776 0.22291667759418488
0 0.6078125238418579 0.7468750476837158 0.05312500149011612 0.06458333879709244
1 0.14609375596046448 0.6885417103767395 0.16718749701976776 0.22291667759418488
1 0.0625 0.6833333969116211 0.12187500298023224 0.21250000596046448
1 0.20859375596046448 0.45729169249534607 0.16718749701976776 0.22291667759418488
1 0.3070312440395355 0.6218750476837158 0.16718749701976776 0.22291667759418488
1 0.30859375 0.8739583492279053 0.16718749701976776 0.22291667759418488
1 0.30546876788139343 0.8697916865348816 0.16718749701976776 0.22291667759418488
1 0.25390625 0.19687500596046448 0.16718749701976776 0.22291667759418488
1 0.8023437857627869 0.2343750149011612 0.16718749701976776 0.22291667759418488
1 0.9453125 0.6385416984558105 0.109375 0.21041667461395264
1 0.1796875 0.8989583849906921 0.16875000298023224 0.20208334922790527
1 0.08359374850988388 0.37812501192092896 0.1640625 0.22291667759418488
1 0.14765624701976776 0.10000000894069672 0.17031250894069672 0.19583334028720856
1 0.34296876192092896 0.10000000894069672 0.17031250894069672 0.19583334028720856
0 0.15234375 0.30104169249534607 0.0546875 0.06875000149011612
