1 0.647656261920929 0.4750000238418579 0.17031250894069672 0.24166667461395264
1 0.667187511920929 0.11562500894069672 0.16250000894069672 0.22708334028720856
1 0.46953126788139343 0.4687500298023224 0.19218750298023224 0.2875000238418579
1 0.827343761920929 0.491666704416275 0.16093750298023224 0.20000001788139343
1 0.7734375 0.2802083492279053 0.14374999701976776 0.20208334922790527
1 0.3062500059604645 0.14687500894069672 0.15625 0.19375000894069672
1 0.17031250894069672 0.6468750238418579 0.18125000596046448 0.18125000596046448
1 0.3335937559604645 0.5687500238418579 0.13906250894069672 0.16250000894069672
1 0.3421874940395355 0.7072917222976685 0.140625 0.23541668057441711
1 0.9476562738418579 0.5562500357627869 0.10468750447034836 0.2875000238418579
1 0.23515625298023224 0.3656250238418579 0.1796875 0.2604166865348816
2 0.546093761920929 0.7677083611488342 0.3359375 0.4270833432674408
1 0.647656261920929 0.4750000238418579 0.17031250894069672 0.24166667461395264
1 0.667187511920929 0.11562500894069672 0.16250000894069672 0.22708334028720856
1 0.46953126788139343 0.4687500298023224 0.19218750298023224 0.2875000238418579
1 0.827343761920929 0.491666704416275 0.16093750298023224 0.20000001788139343
1 0.7734375 0.2802083492279053 0.14374999701976776 0.20208334922790527
1 0.3062500059604645 0.14687500894069672 0.15625 0.19375000894069672
1 0.17031250894069672 0.6468750238418579 0.18125000596046448 0.18125000596046448
1 0.3335937559604645 0.5687500238418579 0.13906250894069672 0.16250000894069672
1 0.3421874940395355 0.7072917222976685 0.140625 0.23541668057441711
1 0.9476562738418579 0.5562500357627869 0.10468750447034836 0.2875000238418579
1 0.23515625298023224 0.3656250238418579 0.1796875 0.2604166865348816
2 0.546093761920929 0.7677083611488342 0.3359375 0.4270833432674408
