2 0.2835937440395355 0.6843750476837158 0.2828125059604645 0.3062500059604645
0 0.75 0.21041667461395264 0.05625000223517418 0.07500000298023224
0 0.711718738079071 0.08437500149011612 0.08281250298023224 0.10208334028720856
0 0.28593751788139343 0.9354166984558105 0.05625000223517418 0.07500000298023224
1 0.8960937857627869 0.6656250357627869 0.18593750894069672 0.2187500149011612
1 0.4195312559604645 0.42395836114883423 0.18593750894069672 0.2187500149011612
1 0.4789062440395355 0.35729169845581055 0.18593750894069672 0.2187500149011612
1 0.577343761920929 0.3906250298023224 0.18593750894069672 0.2187500149011612
1 0.649218738079071 0.3802083432674408 0.18593750894069672 0.2187500149011612
1 0.7164062857627869 0.4281250238418579 0.18593750894069672 0.2187500149011612
1 0.7757812738418579 0.444791704416275 0.18593750894069672 0.2187500149011612
1 0.883593738079071 0.39479169249534607 0.18593750894069672 0.2187500149011612
1 0.26953125 0.11041667312383652 0.18593750894069672 0.21666668355464935
1 0.4320312440395355 0.11041667312383652 0.18593750894069672 0.21666668355464935
1 0.5492187738418579 0.16562500596046448 0.18593750894069672 0.2187500149011612
1 0.07890625298023224 0.5145833492279053 0.15468750894069672 0.2708333432674408
1 0.653124988079071 0.9145833849906921 0.1875 0.17083334922790527
2 0.2835937440395355 0.6843750476837158 0.2828125059604645 0.3062500059604645
0 0.75 0.21041667461395264 0.05625000223517418 0.07500000298023224
0 0.711718738079071 0.08437500149011612 0.08281250298023224 0.10208334028720856
0 0.28593751788139343 0.9354166984558105 0.05625000223517418 0.07500000298023224
1 0.8960937857627869 0.6656250357627869 0.18593750894069672 0.2187500149011612
1 0.4195312559604645 0.42395836114883423 0.18593750894069672 0.2187500149011612
1 0.4789062440395355 0.35729169845581055 0.18593750894069672 0.2187500149011612
1 0.577343761920929 0.3906250298023224 0.18593750894069672 0.2187500149011612
1 0.649218738079071 0.3802083432674408 0.18593750894069672 0.2187500149011612
1 0.7164062857627869 0.4281250238418579 0.18593750894069672 0.2187500149011612
1 0.7757812738418579 0.444791704416275 0.18593750894069672 0.2187500149011612
1 0.883593738079071 0.39479169249534607 0.18593750894069672 0.2187500149011612
1 0.26953125 0.11041667312383652 0.18593750894069672 0.21666668355464935
1 0.4320312440395355 0.11041667312383652 0.18593750894069672 0.21666668355464935
1 0.5492187738418579 0.16562500596046448 0.18593750894069672 0.2187500149011612
1 0.07890625298023224 0.5145833492279053 0.15468750894069672 0.2708333432674408
1 0.653124988079071 0.9145833849906921 0.1875 0.17083334922790527
