1 0.46796876192092896 0.32083335518836975 0.18281249701976776 0.2458333522081375
1 0.696093738079071 0.7395833730697632 0.18281249701976776 0.2458333522081375
1 0.8492187857627869 0.8145833611488342 0.18281249701976776 0.2458333522081375
1 0.910937488079071 0.36770835518836975 0.17812500894069672 0.20625001192092896
1 0.93359375 0.5927083492279053 0.1328125 0.24791668355464935
1 0.7679687738418579 0.5218750238418579 0.1640625 0.20208334922790527
1 0.717968761920929 0.2864583432674408 0.1640625 0.20208334922790527
1 0.7601562738418579 0.10520833730697632 0.1640625 0.20208334922790527
1 0.24921874701976776 0.15937501192092896 0.1640625 0.20208334922790527
2 0.4593749940395355 0.7937500476837158 0.34062501788139343 0.4125000238418579
2 0.16953125596046448 0.5229166746139526 0.3359375 0.5250000357627869
1 0.46796876192092896 0.32083335518836975 0.18281249701976776 0.2458333522081375
1 0.696093738079071 0.7395833730697632 0.18281249701976776 0.2458333522081375
1 0.8492187857627869 0.8145833611488342 0.18281249701976776 0.2458333522081375
1 0.910937488079071 0.36770835518836975 0.17812500894069672 0.20625001192092896
1 0.93359375 0.5927083492279053 0.1328125 0.24791668355464935
1 0.7679687738418579 0.5218750238418579 0.1640625 0.20208334922790527
1 0.717968761920929 0.2864583432674408 0.1640625 0.20208334922790527
1 0.7601562738418579 0.10520833730697632 0.1640625 0.20208334922790527
1 0.24921874701976776 0.15937501192092896 0.1640625 0.20208334922790527
2 0.4593749940395355 0.7937500476837158 0.34062501788139343 0.4125000238418579
2 0.16953125596046448 0.5229166746139526 0.3359375 0.5250000357627869
