1 0.789843738079071 0.13229167461395264 0.17031250894069672 0.18541668355464935
1 0.7203125357627869 0.3427083492279053 0.16562500596046448 0.19375000894069672
1 0.78515625 0.9322916865348816 0.22031250596046448 0.1354166716337204
1 0.5015625357627869 0.7979167103767395 0.16250000894069672 0.25
1 0.5367187857627869 0.3854166865348816 0.17343750596046448 0.19583334028720856
1 0.9140625 0.5520833730697632 0.16250000894069672 0.25
1 0.8414062857627869 0.6625000238418579 0.19218750298023224 0.20416668057441711
1 0.27656251192092896 0.4697916805744171 0.13125000894069672 0.16458334028720856
1 0.09296875447034836 0.5395833849906921 0.17031250894069672 0.17083334922790527
1 0.15859375894069672 0.8260416984558105 0.18593750894069672 0.23541668057441711
2 0.3179687559604645 0.23645834624767303 0.18281249701976776 0.2187500149011612
1 0.9351562857627869 0.3531250059604645 0.12968750298023224 0.18541668355464935
1 0.514843761920929 0.9250000715255737 0.1484375 0.15000000596046448
1 0.3515625 0.8093750476837158 0.140625 0.18958334624767303
1 0.789843738079071 0.13229167461395264 0.17031250894069672 0.18541668355464935
1 0.7203125357627869 0.3427083492279053 0.16562500596046448 0.19375000894069672
1 0.78515625 0.9322916865348816 0.22031250596046448 0.1354166716337204
1 0.5015625357627869 0.7979167103767395 0.16250000894069672 0.25
1 0.5367187857627869 0.3854166865348816 0.17343750596046448 0.19583334028720856
1 0.9140625 0.5520833730697632 0.16250000894069672 0.25
1 0.8414062857627869 0.6625000238418579 0.19218750298023224 0.20416668057441711
1 0.27656251192092896 0.4697916805744171 0.13125000894069672 0.16458334028720856
1 0.09296875447034836 0.5395833849906921 0.17031250894069672 0.17083334922790527
1 0.15859375894069672 0.8260416984558105 0.18593750894069672 0.23541668057441711
2 0.3179687559604645 0.23645834624767303 0.18281249701976776 0.2187500149011612
1 0.9351562857627869 0.3531250059604645 0.12968750298023224 0.18541668355464935
1 0.514843761920929 0.9250000715255737 0.1484375 0.15000000596046448
1 0.3515625 0.8093750476837158 0.140625 0.18958334624767303
