1 0.5679687857627869 0.8739583492279053 0.19843749701976776 0.22708334028720856
1 0.860156238079071 0.14895834028720856 0.19843749701976776 0.22708334028720856
1 0.33203125 0.5208333730697632 0.1640625 0.2083333432674408
1 0.20468750596046448 0.12187500298023224 0.19375000894069672 0.21041667461395264
1 0.3648437559604645 0.29375001788139343 0.1640625 0.2083333432674408
1 0.21328125894069672 0.7020833492279053 0.17031250894069672 0.23750001192092896
1 0.8804687857627869 0.643750011920929 0.17031250894069672 0.23750001192092896
1 0.2265625 0.3968750238418579 0.19375000894069672 0.2604166865348816
2 0.37421876192092896 0.8729166984558105 0.20781250298023224 0.25416669249534607
1 0.5679687857627869 0.8739583492279053 0.19843749701976776 0.22708334028720856
1 0.860156238079071 0.14895834028720856 0.19843749701976776 0.22708334028720856
1 0.33203125 0.5208333730697632 0.1640625 0.2083333432674408
1 0.20468750596046448 0.12187500298023224 0.19375000894069672 0.21041667461395264
1 0.3648437559604645 0.29375001788139343 0.1640625 0.2083333432674408
1 0.21328125894069672 0.7020833492279053 0.17031250894069672 0.23750001192092896
1 0.8804687857627869 0.643750011920929 0.17031250894069672 0.23750001192092896
1 0.2265625 0.3968750238418579 0.19375000894069672 0.2604166865348816
2 0.37421876192092896 0.8729166984558105 0.20781250298023224 0.25416669249534607
