1 0.21484375 0.13854166865348816 0.17656250298023224 0.20208334922790527
1 0.14609375596046448 0.6354166865348816 0.15781250596046448 0.19166667759418488
1 0.62109375 0.8354167342185974 0.15781250596046448 0.19166667759418488
1 0.23046875 0.8500000238418579 0.15781250596046448 0.19166667759418488
1 0.3843750059604645 0.46250003576278687 0.15937499701976776 0.2291666716337204
1 0.703125 0.5979167222976685 0.15937499701976776 0.2291666716337204
1 0.917187511920929 0.6854166984558105 0.15937499701976776 0.2291666716337204
1 0.936718761920929 0.3968750238418579 0.12656250596046448 0.22708334028720856
1 0.17109374701976776 0.39270836114883423 0.13593749701976776 0.2187500149011612
1 0.49531251192092896 0.491666704416275 0.15937499701976776 0.2291666716337204
1 0.4765625 0.6729167103767395 0.15937499701976776 0.2291666716337204
1 0.4320312440395355 0.8489583730697632 0.16093750298023224 0.20625001192092896
2 0.620312511920929 0.27916666865348816 0.3499999940395355 0.4333333671092987
0 0.78125 0.8864583969116211 0.07187499850988388 0.06041666865348816
1 0.21484375 0.13854166865348816 0.17656250298023224 0.20208334922790527
1 0.14609375596046448 0.6354166865348816 0.15781250596046448 0.19166667759418488
1 0.62109375 0.8354167342185974 0.15781250596046448 0.19166667759418488
1 0.23046875 0.8500000238418579 0.15781250596046448 0.19166667759418488
1 0.3843750059604645 0.46250003576278687 0.15937499701976776 0.2291666716337204
1 0.703125 0.5979167222976685 0.15937499701976776 0.2291666716337204
1 0.917187511920929 0.6854166984558105 0.15937499701976776 0.2291666716337204
1 0.936718761920929 0.3968750238418579 0.12656250596046448 0.22708334028720856
1 0.17109374701976776 0.39270836114883423 0.13593749701976776 0.2187500149011612
1 0.49531251192092896 0.491666704416275 0.15937499701976776 0.2291666716337204
1 0.4765625 0.6729167103767395 0.15937499701976776 0.2291666716337204
1 0.4320312440395355 0.8489583730697632 0.16093750298023224 0.20625001192092896
2 0.620312511920929 0.27916666865348816 0.3499999940395355 0.4333333671092987
0 0.78125 0.8864583969116211 0.07187499850988388 0.06041666865348816
