1 0.737500011920929 0.4010416865348816 0.20000000298023224 0.2395833432674408
1 0.46875 0.16979166865348816 0.19062499701976776 0.18125000596046448
1 0.671093761920929 0.16562500596046448 0.18281249701976776 0.23541668057441711
1 0.84765625 0.1614583432674408 0.18281249701976776 0.23541668057441711
1 0.23749999701976776 0.6177083849906921 0.140625 0.24375000596046448
1 0.07265625149011612 0.38750001788139343 0.14218750596046448 0.20416668057441711
1 0.9546875357627869 0.581250011920929 0.09062500298023224 0.19583334028720856
1 0.19453124701976776 0.09062500298023224 0.1640625 0.1770833432674408
2 0.4515624940395355 0.6625000238418579 0.3656249940395355 0.4541666805744171
1 0.737500011920929 0.4010416865348816 0.20000000298023224 0.2395833432674408
1 0.46875 0.16979166865348816 0.19062499701976776 0.18125000596046448
1 0.671093761920929 0.16562500596046448 0.18281249701976776 0.23541668057441711
1 0.84765625 0.1614583432674408 0.18281249701976776 0.23541668057441711
1 0.23749999701976776 0.6177083849906921 0.140625 0.24375000596046448
1 0.07265625149011612 0.38750001788139343 0.14218750596046448 0.20416668057441711
1 0.9546875357627869 0.581250011920929 0.09062500298023224 0.19583334028720856
1 0.19453124701976776 0.09062500298023224 0.1640625 0.1770833432674408
2 0.4515624940395355 0.6625000238418579 0.3656249940395355 0.4541666805744171
