1 0.50390625 0.7260417342185974 0.1484375 0.24791668355464935
1 0.6875 0.7145833969116211 0.15000000596046448 0.16250000894069672
1 0.10625000298023224 0.628125011920929 0.17812500894069672 0.21041667461395264
1 0.2750000059604645 0.7583333849906921 0.15000000596046448 0.23750001192092896
1 0.09843750298023224 0.8072916865348816 0.17499999701976776 0.22708334028720856
1 0.33515626192092896 0.3958333432674408 0.17343750596046448 0.22083334624767303
1 0.8765625357627869 0.6104167103767395 0.18437500298023224 0.21250000596046448
1 0.719531238079071 0.8833333849906921 0.18593750894069672 0.19166667759418488
1 0.4609375 0.36145836114883423 0.16562500596046448 0.25208336114883423
1 0.07734375447034836 0.26875001192092896 0.15156249701976776 0.20416668057441711
1 0.08749999850988388 0.460416704416275 0.171875 0.21666668355464935
1 0.26484376192092896 0.20416668057441711 0.18281249701976776 0.20416668057441711
1 0.6929687857627869 0.1666666716337204 0.17343750596046448 0.15416666865348816
1 0.85546875 0.18645834922790527 0.16093750298023224 0.25208336114883423
1 0.45234376192092896 0.9291667342185974 0.1640625 0.14166668057441711
1 0.5445312857627869 0.08958333730697632 0.15156249701976776 0.17500001192092896
1 0.18125000596046448 0.08958333730697632 0.14687500894069672 0.17500001192092896
2 0.660937488079071 0.4270833432674408 0.30937501788139343 0.40833336114883423
0 0.5804687738418579 0.8802083730697632 0.0703125 0.11041667312383652
0 0.960156261920929 0.33645835518836975 0.07968749850988388 0.1354166716337204
1 0.50390625 0.7260417342185974 0.1484375 0.24791668355464935
1 0.6875 0.7145833969116211 0.15000000596046448 0.16250000894069672
1 0.10625000298023224 0.628125011920929 0.17812500894069672 0.21041667461395264
1 0.2750000059604645 0.7583333849906921 0.15000000596046448 0.23750001192092896
1 0.09843750298023224 0.8072916865348816 0.17499999701976776 0.22708334028720856
1 0.33515626192092896 0.3958333432674408 0.17343750596046448 0.22083334624767303
1 0.8765625357627869 0.6104167103767395 0.18437500298023224 0.21250000596046448
1 0.719531238079071 0.8833333849906921 0.18593750894069672 0.19166667759418488
1 0.4609375 0.36145836114883423 0.16562500596046448 0.25208336114883423
1 0.07734375447034836 0.26875001192092896 0.15156249701976776 0.20416668057441711
1 0.08749999850988388 0.460416704416275 0.171875 0.21666668355464935
1 0.26484376192092896 0.20416668057441711 0.18281249701976776 0.20416668057441711
1 0.6929687857627869 0.1666666716337204 0.17343750596046448 0.15416666865348816
1 0.85546875 0.18645834922790527 0.16093750298023224 0.25208336114883423
1 0.45234376192092896 0.9291667342185974 0.1640625 0.14166668057441711
1 0.5445312857627869 0.08958333730697632 0.15156249701976776 0.17500001192092896
1 0.18125000596046448 0.08958333730697632 0.14687500894069672 0.17500001192092896
2 0.660937488079071 0.4270833432674408 0.30937501788139343 0.40833336114883423
0 0.5804687738418579 0.8802083730697632 0.0703125 0.11041667312383652
0 0.960156261920929 0.33645835518836975 0.07968749850988388 0.1354166716337204
