1 0.3539062440395355 0.6947916746139526 0.14531250298023224 0.2187500149011612
1 0.45703125 0.8239583969116211 0.14531250298023224 0.2187500149011612
1 0.7679687738418579 0.643750011920929 0.18593750894069672 0.21666668355464935
1 0.907031238079071 0.53125 0.18593750894069672 0.21666668355464935
1 0.91796875 0.31979167461395264 0.1640625 0.2187500149011612
1 0.60546875 0.7093750238418579 0.17343750596046448 0.2562500238418579
1 0.3453125059604645 0.10729166865348816 0.18437500298023224 0.21041667461395264
1 0.17812500894069672 0.24375000596046448 0.18437500298023224 0.21250000596046448
1 0.3109374940395355 0.44583335518836975 0.18437500298023224 0.21250000596046448
1 0.09218750149011612 0.6687500476837158 0.18125000596046448 0.21250000596046448
2 0.5726562738418579 0.35729169845581055 0.3609375059604645 0.4854166805744171
1 0.3539062440395355 0.6947916746139526 0.14531250298023224 0.2187500149011612
1 0.45703125 0.8239583969116211 0.14531250298023224 0.2187500149011612
1 0.7679687738418579 0.643750011920929 0.18593750894069672 0.21666668355464935
1 0.907031238079071 0.53125 0.18593750894069672 0.21666668355464935
1 0.91796875 0.31979167461395264 0.1640625 0.2187500149011612
1 0.60546875 0.7093750238418579 0.17343750596046448 0.2562500238418579
1 0.3453125059604645 0.10729166865348816 0.18437500298023224 0.21041667461395264
1 0.17812500894069672 0.24375000596046448 0.18437500298023224 0.21250000596046448
1 0.3109374940395355 0.44583335518836975 0.18437500298023224 0.21250000596046448
1 0.09218750149011612 0.6687500476837158 0.18125000596046448 0.21250000596046448
2 0.5726562738418579 0.35729169845581055 0.3609375059604645 0.4854166805744171
