2 0.3499999940395355 0.6364583373069763 0.21250000596046448 0.2395833432674408
0 0.25859376788139343 0.47083336114883423 0.07968749850988388 0.10000000894069672
1 0.84765625 0.28854167461395264 0.17656250298023224 0.2395833432674408
1 0.7265625 0.6468750238418579 0.13125000894069672 0.18958334624767303
1 0.93359375 0.8177083730697632 0.12968750298023224 0.18958334624767303
1 0.6742187738418579 0.7760416865348816 0.19843749701976776 0.2395833432674408
1 0.507031261920929 0.8114583492279053 0.19843749701976776 0.2395833432674408
1 0.663281261920929 0.4520833492279053 0.17343750596046448 0.19166667759418488
1 0.6742187738418579 0.21666668355464935 0.16718749701976776 0.25
1 0.3578124940395355 0.3281250298023224 0.15312500298023224 0.22291667759418488
1 0.16718749701976776 0.4072916805744171 0.15312500298023224 0.22291667759418488
1 0.06875000149011612 0.4072916805744171 0.13437500596046448 0.2979166805744171
1 0.512499988079071 0.6031250357627869 0.15312500298023224 0.22291667759418488
1 0.5171875357627869 0.3760416805744171 0.15312500298023224 0.22291667759418488
1 0.4867187440395355 0.12083333730697632 0.20468750596046448 0.23750001192092896
1 0.3179687559604645 0.08229167014360428 0.15781250596046448 0.16041667759418488
1 0.8179687857627869 0.11354167014360428 0.22031250596046448 0.22291667759418488
1 0.05390625074505806 0.6166666746139526 0.10468750447034836 0.2291666716337204
1 0.140625 0.11354167014360428 0.15312500298023224 0.22291667759418488
2 0.3499999940395355 0.6364583373069763 0.21250000596046448 0.2395833432674408
0 0.25859376788139343 0.47083336114883423 0.07968749850988388 0.10000000894069672
1 0.84765625 0.28854167461395264 0.17656250298023224 0.2395833432674408
1 0.7265625 0.6468750238418579 0.13125000894069672 0.18958334624767303
1 0.93359375 0.8177083730697632 0.12968750298023224 0.18958334624767303
1 0.6742187738418579 0.7760416865348816 0.19843749701976776 0.2395833432674408
1 0.507031261920929 0.8114583492279053 0.19843749701976776 0.2395833432674408
1 0.663281261920929 0.4520833492279053 0.17343750596046448 0.19166667759418488
1 0.6742187738418579 0.21666668355464935 0.16718749701976776 0.25
1 0.3578124940395355 0.3281250298023224 0.15312500298023224 0.22291667759418488
1 0.16718749701976776 0.4072916805744171 0.15312500298023224 0.22291667759418488
1 0.06875000149011612 0.4072916805744171 0.13437500596046448 0.2979166805744171
1 0.512499988079071 0.6031250357627869 0.15312500298023224 0.22291667759418488
1 0.5171875357627869 0.3760416805744171 0.15312500298023224 0.22291667759418488
1 0.4867187440395355 0.12083333730697632 0.20468750596046448 0.23750001192092896
1 0.3179687559604645 0.08229167014360428 0.15781250596046448 0.16041667759418488
1 0.8179687857627869 0.11354167014360428 0.22031250596046448 0.22291667759418488
1 0.05390625074505806 0.6166666746139526 0.10468750447034836 0.2291666716337204
1 0.140625 0.11354167014360428 0.15312500298023224 0.22291667759418488
