1 0.821093738079071 0.4072916805744171 0.22031250596046448 0.2645833492279053
1 0.08671875298023224 0.2708333432674408 0.17031250894069672 0.1875000149011612
1 0.561718761920929 0.17812500894069672 0.19843749701976776 0.18958334624767303
1 0.25468751788139343 0.53125 0.15000000596046448 0.2083333432674408
1 0.16562500596046448 0.38750001788139343 0.15000000596046448 0.2083333432674408
2 0.5367187857627869 0.6843750476837158 0.39531251788139343 0.47708335518836975
1 0.821093738079071 0.4072916805744171 0.22031250596046448 0.2645833492279053
1 0.08671875298023224 0.2708333432674408 0.17031250894069672 0.1875000149011612
1 0.561718761920929 0.17812500894069672 0.19843749701976776 0.18958334624767303
1 0.25468751788139343 0.53125 0.15000000596046448 0.2083333432674408
1 0.16562500596046448 0.38750001788139343 0.15000000596046448 0.2083333432674408
2 0.5367187857627869 0.6843750476837158 0.39531251788139343 0.47708335518836975
