1 0.6929687857627869 0.26770836114883423 0.18281249701976776 0.2604166865348816
1 0.4906249940395355 0.2395833432674408 0.16562500596046448 0.17500001192092896
1 0.8359375 0.47812503576278687 0.16250000894069672 0.3062500059604645
1 0.671875 0.6677083969116211 0.15625 0.21458333730697632
1 0.21250000596046448 0.08541667461395264 0.17499999701976776 0.1666666716337204
1 0.757031261920929 0.9270833730697632 0.1171875 0.1458333432674408
1 0.4195312559604645 0.8395833969116211 0.20468750596046448 0.22083334624767303
1 0.565625011920929 0.8031250238418579 0.13750000298023224 0.1979166716337204
1 0.07890625298023224 0.4114583432674408 0.15468750894069672 0.23125001788139343
1 0.8687500357627869 0.15937501192092896 0.15625 0.23125001788139343
1 0.942187488079071 0.9083333611488342 0.11562500149011612 0.18333333730697632
2 0.44921875 0.5260416865348816 0.3109374940395355 0.3645833432674408
1 0.23906250298023224 0.5 0.16562500596046448 0.17500001192092896
1 0.31562501192092896 0.7468750476837158 0.19687500596046448 0.22708334028720856
1 0.6929687857627869 0.26770836114883423 0.18281249701976776 0.2604166865348816
1 0.4906249940395355 0.2395833432674408 0.16562500596046448 0.17500001192092896
1 0.8359375 0.47812503576278687 0.16250000894069672 0.3062500059604645
1 0.671875 0.6677083969116211 0.15625 0.21458333730697632
1 0.21250000596046448 0.08541667461395264 0.17499999701976776 0.1666666716337204
1 0.757031261920929 0.9270833730697632 0.1171875 0.1458333432674408
1 0.4195312559604645 0.8395833969116211 0.20468750596046448 0.22083334624767303
1 0.565625011920929 0.8031250238418579 0.13750000298023224 0.1979166716337204
1 0.07890625298023224 0.4114583432674408 0.15468750894069672 0.23125001788139343
1 0.8687500357627869 0.15937501192092896 0.15625 0.23125001788139343
1 0.942187488079071 0.9083333611488342 0.11562500149011612 0.18333333730697632
2 0.44921875 0.5260416865348816 0.3109374940395355 0.3645833432674408
1 0.23906250298023224 0.5 0.16562500596046448 0.17500001192092896
1 0.31562501192092896 0.7468750476837158 0.19687500596046448 0.22708334028720856
