1 0.6703125238418579 0.21458333730697632 0.203125 0.25833335518836975
1 0.871874988079071 0.4333333671092987 0.203125 0.25833335518836975
1 0.5289062857627869 0.5125000476837158 0.17031250894069672 0.18333333730697632
1 0.4945312440395355 0.11145833879709244 0.17656250298023224 0.15208333730697632
1 0.19843749701976776 0.5104166865348816 0.13750000298023224 0.16250000894069672
1 0.24843750894069672 0.22604167461395264 0.15937499701976776 0.1770833432674408
1 0.40234375 0.8812500238418579 0.13593749701976776 0.21250000596046448
1 0.28515625 0.6927083730697632 0.13593749701976776 0.18958334624767303
1 0.2578125 0.8947917222976685 0.15937499701976776 0.18125000596046448
1 0.08046875149011612 0.2770833373069763 0.15781250596046448 0.2083333432674408
2 0.574999988079071 0.768750011920929 0.3125 0.3583333492279053
0 0.41093751788139343 0.15312500298023224 0.046875 0.06041666865348816
0 0.758593738079071 0.13958333432674408 0.0546875 0.07500000298023224
1 0.6703125238418579 0.21458333730697632 0.203125 0.25833335518836975
1 0.871874988079071 0.4333333671092987 0.203125 0.25833335518836975
1 0.5289062857627869 0.5125000476837158 0.17031250894069672 0.18333333730697632
1 0.4945312440395355 0.11145833879709244 0.17656250298023224 0.15208333730697632
1 0.19843749701976776 0.5104166865348816 0.13750000298023224 0.16250000894069672
1 0.24843750894069672 0.22604167461395264 0.15937499701976776 0.1770833432674408
1 0.40234375 0.8812500238418579 0.13593749701976776 0.21250000596046448
1 0.28515625 0.6927083730697632 0.13593749701976776 0.18958334624767303
1 0.2578125 0.8947917222976685 0.15937499701976776 0.18125000596046448
1 0.08046875149011612 0.2770833373069763 0.15781250596046448 0.2083333432674408
2 0.574999988079071 0.768750011920929 0.3125 0.3583333492279053
0 0.41093751788139343 0.15312500298023224 0.046875 0.06041666865348816
0 0.758593738079071 0.13958333432674408 0.0546875 0.07500000298023224
