1 0.4273437559604645 0.2750000059604645 0.18593750894069672 0.21250000596046448
1 0.58984375 0.21562501788139343 0.14218750596046448 0.1979166716337204
1 0.6117187738418579 0.42604169249534607 0.14218750596046448 0.1979166716337204
1 0.719531238079071 0.6010416746139526 0.14218750596046448 0.1979166716337204
1 0.3359375 0.33541667461395264 0.125 0.1666666716337204
1 0.77734375 0.9083333611488342 0.15468750894069672 0.18333333730697632
1 0.49140626192092896 0.9041666984558105 0.1796875 0.19166667759418488
1 0.09921874850988388 0.9041666984558105 0.1796875 0.19166667759418488
1 0.8617187738418579 0.20937500894069672 0.1796875 0.20625001192092896
1 0.6898437738418579 0.08437500149011612 0.20781250298023224 0.16458334028720856
1 0.928906261920929 0.8145833611488342 0.14218750596046448 0.21250000596046448
1 0.946093738079071 0.5562500357627869 0.10781250149011612 0.2750000059604645
1 0.15000000596046448 0.3031250238418579 0.17812500894069672 0.2562500238418579
1 0.12343750149011612 0.7072917222976685 0.17812500894069672 0.2562500238418579
2 0.27656251192092896 0.6229166984558105 0.20000000298023224 0.27916666865348816
0 0.4937500059604645 0.44583335518836975 0.06875000149011612 0.0833333358168602
0 0.41093751788139343 0.5791667103767395 0.06875000149011612 0.0833333358168602
1 0.8023437857627869 0.5802083611488342 0.1015625 0.1770833432674408
1 0.4273437559604645 0.2750000059604645 0.18593750894069672 0.21250000596046448
1 0.58984375 0.21562501788139343 0.14218750596046448 0.1979166716337204
1 0.6117187738418579 0.42604169249534607 0.14218750596046448 0.1979166716337204
1 0.719531238079071 0.6010416746139526 0.14218750596046448 0.1979166716337204
1 0.3359375 0.33541667461395264 0.125 0.1666666716337204
1 0.77734375 0.9083333611488342 0.15468750894069672 0.18333333730697632
1 0.49140626192092896 0.9041666984558105 0.1796875 0.19166667759418488
1 0.09921874850988388 0.9041666984558105 0.1796875 0.19166667759418488
1 0.8617187738418579 0.20937500894069672 0.1796875 0.20625001192092896
1 0.6898437738418579 0.08437500149011612 0.20781250298023224 0.16458334028720856
1 0.928906261920929 0.8145833611488342 0.14218750596046448 0.21250000596046448
1 0.946093738079071 0.5562500357627869 0.10781250149011612 0.2750000059604645
1 0.15000000596046448 0.3031250238418579 0.17812500894069672 0.2562500238418579
1 0.12343750149011612 0.7072917222976685 0.17812500894069672 0.2562500238418579
2 0.27656251192092896 0.6229166984558105 0.20000000298023224 0.27916666865348816
0 0.4937500059604645 0.44583335518836975 0.06875000149011612 0.0833333358168602
0 0.41093751788139343 0.5791667103767395 0.06875000149011612 0.0833333358168602
1 0.8023437857627869 0.5802083611488342 0.1015625 0.1770833432674408
