1 0.5648437738418579 0.2458333522081375 0.19218750298023224 0.21250000596046448
1 0.82421875 0.28333336114883423 0.19218750298023224 0.21250000596046448
1 0.811718761920929 0.40833336114883423 0.19218750298023224 0.21250000596046448
1 0.7421875 0.6302083730697632 0.19062499701976776 0.1770833432674408
1 0.3687500059604645 0.5114583373069763 0.15000000596046448 0.2187500149011612
1 0.21250000596046448 0.6010416746139526 0.15000000596046448 0.2187500149011612
1 0.11874999850988388 0.20937500894069672 0.15000000596046448 0.2187500149011612
1 0.43671876192092896 0.9135417342185974 0.16093750298023224 0.17291668057441711
1 0.39375001192092896 0.3072916865348816 0.15937499701976776 0.18958334624767303
1 0.5257812738418579 0.6864583492279053 0.16718749701976776 0.21041667461395264
1 0.936718761920929 0.8062500357627869 0.12656250596046448 0.23750001192092896
1 0.08906250447034836 0.8562500476837158 0.171875 0.21666668355464935
2 0.703906238079071 0.8479167222976685 0.3359375 0.30000001192092896
1 0.5648437738418579 0.2458333522081375 0.19218750298023224 0.21250000596046448
1 0.82421875 0.28333336114883423 0.19218750298023224 0.21250000596046448
1 0.811718761920929 0.40833336114883423 0.19218750298023224 0.21250000596046448
1 0.7421875 0.6302083730697632 0.19062499701976776 0.1770833432674408
1 0.3687500059604645 0.5114583373069763 0.15000000596046448 0.2187500149011612
1 0.21250000596046448 0.6010416746139526 0.15000000596046448 0.2187500149011612
1 0.11874999850988388 0.20937500894069672 0.15000000596046448 0.2187500149011612
1 0.43671876192092896 0.9135417342185974 0.16093750298023224 0.17291668057441711
1 0.39375001192092896 0.3072916865348816 0.15937499701976776 0.18958334624767303
1 0.5257812738418579 0.6864583492279053 0.16718749701976776 0.21041667461395264
1 0.936718761920929 0.8062500357627869 0.12656250596046448 0.23750001192092896
1 0.08906250447034836 0.8562500476837158 0.171875 0.21666668355464935
2 0.703906238079071 0.8479167222976685 0.3359375 0.30000001192092896
