1 0.30937501788139343 0.7322916984558105 0.140625 0.1770833432674408
1 0.27734375 0.9177083969116211 0.14531250298023224 0.16458334028720856
1 0.672656238079071 0.4802083671092987 0.16718749701976776 0.22708334028720856
1 0.828906238079071 0.6625000238418579 0.13906250894069672 0.18333333730697632
1 0.7421875 0.0781250074505806 0.12812499701976776 0.15208333730697632
1 0.8382812738418579 0.21770834922790527 0.17343750596046448 0.20625001192092896
1 0.21406249701976776 0.3375000059604645 0.14687500894069672 0.18333333730697632
1 0.5062500238418579 0.38229167461395264 0.15625 0.19375000894069672
1 0.8828125 0.05312500149011612 0.15625 0.10208334028720856
1 0.938281238079071 0.37812501192092896 0.12343750149011612 0.20625001192092896
1 0.960156261920929 0.7208333611488342 0.07968749850988388 0.17500001192092896
1 0.91015625 0.9083333611488342 0.17343750596046448 0.18333333730697632
1 0.522656261920929 0.13750000298023224 0.19843749701976776 0.20000001788139343
2 0.4710937440395355 0.8458333611488342 0.2109375 0.3083333373069763
0 0.47343751788139343 0.6614583730697632 0.06562500447034836 0.08958333730697632
1 0.30937501788139343 0.7322916984558105 0.140625 0.1770833432674408
1 0.27734375 0.9177083969116211 0.14531250298023224 0.16458334028720856
1 0.672656238079071 0.4802083671092987 0.16718749701976776 0.22708334028720856
1 0.828906238079071 0.6625000238418579 0.13906250894069672 0.18333333730697632
1 0.7421875 0.0781250074505806 0.12812499701976776 0.15208333730697632
1 0.8382812738418579 0.21770834922790527 0.17343750596046448 0.20625001192092896
1 0.21406249701976776 0.3375000059604645 0.14687500894069672 0.18333333730697632
1 0.5062500238418579 0.38229167461395264 0.15625 0.19375000894069672
1 0.8828125 0.05312500149011612 0.15625 0.10208334028720856
1 0.938281238079071 0.37812501192092896 0.12343750149011612 0.20625001192092896
1 0.960156261920929 0.7208333611488342 0.07968749850988388 0.17500001192092896
1 0.91015625 0.9083333611488342 0.17343750596046448 0.18333333730697632
1 0.522656261920929 0.13750000298023224 0.19843749701976776 0.20000001788139343
2 0.4710937440395355 0.8458333611488342 0.2109375 0.3083333373069763
0 0.47343751788139343 0.6614583730697632 0.06562500447034836 0.08958333730697632
