1 0.5015625357627869 0.2395833432674408 0.19375000894069672 0.21250000596046448
1 0.3492187559604645 0.7166666984558105 0.17343750596046448 0.22500000894069672
1 0.5062500238418579 0.5072916746139526 0.14374999701976776 0.23125001788139343
1 0.7914062738418579 0.26979169249534607 0.16718749701976776 0.2187500149011612
1 0.64453125 0.45000001788139343 0.1484375 0.22083334624767303
1 0.20234374701976776 0.125 0.1484375 0.22083334624767303
1 0.05703125149011612 0.628125011920929 0.11093749850988388 0.26875001192092896
1 0.9164062738418579 0.45520836114883423 0.15781250596046448 0.24375000596046448
1 0.5687500238418579 0.7000000476837158 0.13437500596046448 0.19583334028720856
1 0.15937499701976776 0.9177083969116211 0.17499999701976776 0.16458334028720856
2 0.764843761920929 0.7885417342185974 0.3609375059604645 0.4229166805744171
1 0.5015625357627869 0.2395833432674408 0.19375000894069672 0.21250000596046448
1 0.3492187559604645 0.7166666984558105 0.17343750596046448 0.22500000894069672
1 0.5062500238418579 0.5072916746139526 0.14374999701976776 0.23125001788139343
1 0.7914062738418579 0.26979169249534607 0.16718749701976776 0.2187500149011612
1 0.64453125 0.45000001788139343 0.1484375 0.22083334624767303
1 0.20234374701976776 0.125 0.1484375 0.22083334624767303
1 0.05703125149011612 0.628125011920929 0.11093749850988388 0.26875001192092896
1 0.9164062738418579 0.45520836114883423 0.15781250596046448 0.24375000596046448
1 0.5687500238418579 0.7000000476837158 0.13437500596046448 0.19583334028720856
1 0.15937499701976776 0.9177083969116211 0.17499999701976776 0.16458334028720856
2 0.764843761920929 0.7885417342185974 0.3609375059604645 0.4229166805744171
