2 0.20546875894069672 0.3864583671092987 0.18906250596046448 0.24791668355464935
0 0.734375 0.14479167759418488 0.0625 0.07708333432674408
0 0.8968750238418579 0.7885417342185974 0.0625 0.07708333432674408
0 0.8296875357627869 0.9239583611488342 0.0625 0.07708333432674408
0 0.03125 0.4635416865348816 0.05937499925494194 0.07708333432674408
1 0.760937511920929 0.3177083432674408 0.18437500298023224 0.20625001192092896
1 0.5687500238418579 0.6322916746139526 0.18437500298023224 0.20625001192092896
1 0.512499988079071 0.8697916865348816 0.18437500298023224 0.20625001192092896
1 0.09296875447034836 0.6114583611488342 0.18281249701976776 0.20625001192092896
1 0.09296875447034836 0.7427083849906921 0.18281249701976776 0.20625001192092896
1 0.19296875596046448 0.9416667222976685 0.14531250298023224 0.11666667461395264
1 0.3851562440395355 0.24895834922790527 0.17343750596046448 0.26875001192092896
1 0.4468750059604645 0.45729169249534607 0.14687500894069672 0.19375000894069672
1 0.6585937738418579 0.7906250357627869 0.13906250894069672 0.2187500149011612
1 0.5328125357627869 0.42395836114883423 0.14687500894069672 0.19375000894069672
2 0.20546875894069672 0.3864583671092987 0.18906250596046448 0.24791668355464935
0 0.734375 0.14479167759418488 0.0625 0.07708333432674408
0 0.8968750238418579 0.7885417342185974 0.0625 0.07708333432674408
0 0.8296875357627869 0.9239583611488342 0.0625 0.07708333432674408
0 0.03125 0.4635416865348816 0.05937499925494194 0.07708333432674408
1 0.760937511920929 0.3177083432674408 0.18437500298023224 0.20625001192092896
1 0.5687500238418579 0.6322916746139526 0.18437500298023224 0.20625001192092896
1 0.512499988079071 0.8697916865348816 0.18437500298023224 0.20625001192092896
1 0.09296875447034836 0.6114583611488342 0.18281249701976776 0.20625001192092896
1 0.09296875447034836 0.7427083849906921 0.18281249701976776 0.20625001192092896
1 0.19296875596046448 0.9416667222976685 0.14531250298023224 0.11666667461395264
1 0.3851562440395355 0.24895834922790527 0.17343750596046448 0.26875001192092896
1 0.4468750059604645 0.45729169249534607 0.14687500894069672 0.19375000894069672
1 0.6585937738418579 0.7906250357627869 0.13906250894069672 0.2187500149011612
1 0.5328125357627869 0.42395836114883423 0.14687500894069672 0.19375000894069672
