1 0.17734375596046448 0.25833335518836975 0.16093750298023224 0.21250000596046448
1 0.45390626788139343 0.5875000357627869 0.17031250894069672 0.2750000059604645
1 0.2796874940395355 0.7250000238418579 0.15625 0.20000001788139343
1 0.671093761920929 0.7614583969116211 0.20156250894069672 0.24791668355464935
1 0.8492187857627869 0.18125000596046448 0.15468750894069672 0.21250000596046448
1 0.3515625 0.16354167461395264 0.15000000596046448 0.22291667759418488
1 0.19218750298023224 0.4958333671092987 0.18437500298023224 0.19166667759418488
1 0.14921875298023224 0.8479167222976685 0.15781250596046448 0.16250000894069672
1 0.90625 0.706250011920929 0.16250000894069672 0.2083333432674408
1 0.22031250596046448 0.6031250357627869 0.26250001788139343 0.14791667461395264
2 0.6148437857627869 0.2906250059604645 0.35468751192092896 0.4020833671092987
1 0.17734375596046448 0.25833335518836975 0.16093750298023224 0.21250000596046448
1 0.45390626788139343 0.5875000357627869 0.17031250894069672 0.2750000059604645
1 0.2796874940395355 0.7250000238418579 0.15625 0.20000001788139343
1 0.671093761920929 0.7614583969116211 0.20156250894069672 0.24791668355464935
1 0.8492187857627869 0.18125000596046448 0.15468750894069672 0.21250000596046448
1 0.3515625 0.16354167461395264 0.15000000596046448 0.22291667759418488
1 0.19218750298023224 0.4958333671092987 0.18437500298023224 0.19166667759418488
1 0.14921875298023224 0.8479167222976685 0.15781250596046448 0.16250000894069672
1 0.90625 0.706250011920929 0.16250000894069672 0.2083333432674408
1 0.22031250596046448 0.6031250357627869 0.26250001788139343 0.14791667461395264
2 0.6148437857627869 0.2906250059604645 0.35468751192092896 0.4020833671092987
