1 0.11796875298023224 0.24166667461395264 0.1796875 0.20000001788139343
1 0.11640625447034836 0.444791704416275 0.17031250894069672 0.18958334624767303
1 0.234375 0.6333333849906921 0.171875 0.21250000596046448
1 0.12656250596046448 0.7812500596046448 0.17812500894069672 0.20000001788139343
1 0.32421875 0.8166667222976685 0.17656250298023224 0.17500001192092896
1 0.46875 0.8187500238418579 0.18125000596046448 0.19583334028720856
1 0.6484375 0.8395833969116211 0.16562500596046448 0.2291666716337204
1 0.76953125 0.8218750357627869 0.15781250596046448 0.17291668057441711
1 0.784375011920929 0.6250000596046448 0.15625 0.22500000894069672
1 0.867968738079071 0.5239583849906921 0.19218750298023224 0.16041667759418488
1 0.8359375 0.3489583432674408 0.19375000894069672 0.16875000298023224
1 0.590624988079071 0.1979166716337204 0.171875 0.20000001788139343
1 0.84375 0.12291667610406876 0.17812500894069672 0.24166667461395264
1 0.3648437559604645 0.3114583492279053 0.18906250596046448 0.2770833373069763
2 0.55078125 0.4906250238418579 0.3515625 0.45625001192092896
1 0.11796875298023224 0.24166667461395264 0.1796875 0.20000001788139343
1 0.11640625447034836 0.444791704416275 0.17031250894069672 0.18958334624767303
1 0.234375 0.6333333849906921 0.171875 0.21250000596046448
1 0.12656250596046448 0.7812500596046448 0.17812500894069672 0.20000001788139343
1 0.32421875 0.8166667222976685 0.17656250298023224 0.17500001192092896
1 0.46875 0.8187500238418579 0.18125000596046448 0.19583334028720856
1 0.6484375 0.8395833969116211 0.16562500596046448 0.2291666716337204
1 0.76953125 0.8218750357627869 0.15781250596046448 0.17291668057441711
1 0.784375011920929 0.6250000596046448 0.15625 0.22500000894069672
1 0.867968738079071 0.5239583849906921 0.19218750298023224 0.16041667759418488
1 0.8359375 0.3489583432674408 0.19375000894069672 0.16875000298023224
1 0.590624988079071 0.1979166716337204 0.171875 0.20000001788139343
1 0.84375 0.12291667610406876 0.17812500894069672 0.24166667461395264
1 0.3648437559604645 0.3114583492279053 0.18906250596046448 0.2770833373069763
2 0.55078125 0.4906250238418579 0.3515625 0.45625001192092896
