1 0.6000000238418579 0.2593750059604645 0.140625 0.17291668057441711
1 0.5132812857627869 0.17812500894069672 0.14218750596046448 0.18125000596046448
1 0.5218750238418579 0.48750001192092896 0.15312500298023224 0.22083334624767303
1 0.3687500059604645 0.5489583611488342 0.15312500298023224 0.19375000894069672
1 0.7132812738418579 0.4677083492279053 0.17343750596046448 0.22708334028720856
1 0.86328125 0.5781250596046448 0.17656250298023224 0.24375000596046448
1 0.7640625238418579 0.6625000238418579 0.15937499701976776 0.23750001192092896
1 0.9078125357627869 0.32500001788139343 0.15937499701976776 0.23750001192092896
1 0.17656250298023224 0.5708333849906921 0.15937499701976776 0.23750001192092896
1 0.06093750149011612 0.4375000298023224 0.11874999850988388 0.23333334922790527
1 0.3375000059604645 0.3229166865348816 0.17499999701976776 0.23333334922790527
1 0.6195312738418579 0.06145833805203438 0.1640625 0.11875000596046448
1 0.788281261920929 0.06145833805203438 0.1640625 0.11875000596046448
1 0.36015626788139343 0.9468750357627869 0.14218750596046448 0.10625000298023224
2 0.5335937738418579 0.7750000357627869 0.2953124940395355 0.32083335518836975
0 0.02031250111758709 0.12812501192092896 0.03750000149011612 0.08541667461395264
1 0.6000000238418579 0.2593750059604645 0.140625 0.17291668057441711
1 0.5132812857627869 0.17812500894069672 0.14218750596046448 0.18125000596046448
1 0.5218750238418579 0.48750001192092896 0.15312500298023224 0.22083334624767303
1 0.3687500059604645 0.5489583611488342 0.15312500298023224 0.19375000894069672
1 0.7132812738418579 0.4677083492279053 0.17343750596046448 0.22708334028720856
1 0.86328125 0.5781250596046448 0.17656250298023224 0.24375000596046448
1 0.7640625238418579 0.6625000238418579 0.15937499701976776 0.23750001192092896
1 0.9078125357627869 0.32500001788139343 0.15937499701976776 0.23750001192092896
1 0.17656250298023224 0.5708333849906921 0.15937499701976776 0.23750001192092896
1 0.06093750149011612 0.4375000298023224 0.11874999850988388 0.23333334922790527
1 0.3375000059604645 0.3229166865348816 0.17499999701976776 0.23333334922790527
1 0.6195312738418579 0.06145833805203438 0.1640625 0.11875000596046448
1 0.788281261920929 0.06145833805203438 0.1640625 0.11875000596046448
1 0.36015626788139343 0.9468750357627869 0.14218750596046448 0.10625000298023224
2 0.5335937738418579 0.7750000357627869 0.2953124940395355 0.32083335518836975
0 0.02031250111758709 0.12812501192092896 0.03750000149011612 0.08541667461395264
