2 0.29609376192092896 0.25 0.28593751788139343 0.3583333492279053
1 0.518750011920929 0.3604166805744171 0.171875 0.25
1 0.692187488079071 0.2958333492279053 0.171875 0.25
1 0.5640625357627869 0.6312500238418579 0.171875 0.25
1 0.3726562559604645 0.6760417222976685 0.1640625 0.23541668057441711
1 0.561718761920929 0.8791667222976685 0.19843749701976776 0.24166667461395264
1 0.897656261920929 0.4270833432674408 0.19843749701976776 0.24166667461395264
1 0.18437500298023224 0.9312500357627869 0.17499999701976776 0.13750000298023224
1 0.13906250894069672 0.08020833879709244 0.16250000894069672 0.1562500149011612
1 0.11406250298023224 0.41562503576278687 0.13750000298023224 0.1979166716337204
1 0.8500000238418579 0.0781250074505806 0.15625 0.15208333730697632
1 0.9468750357627869 0.6343750357627869 0.10625000298023224 0.16875000298023224
1 0.909375011920929 0.8406250476837158 0.18125000596046448 0.20625001192092896
1 0.09687500447034836 0.5770833492279053 0.14687500894069672 0.23750001192092896
0 0.23671875894069672 0.6583333611488342 0.06093750149011612 0.10000000894069672
1 0.633593738079071 0.11562500894069672 0.1953125 0.22708334028720856
1 0.40156251192092896 0.5958333611488342 0.15000000596046448 0.17083334922790527
1 0.3515625 0.5416666865348816 0.15000000596046448 0.17083334922790527
2 0.29609376192092896 0.25 0.28593751788139343 0.3583333492279053
1 0.518750011920929 0.3604166805744171 0.171875 0.25
1 0.692187488079071 0.2958333492279053 0.171875 0.25
1 0.5640625357627869 0.6312500238418579 0.171875 0.25
1 0.3726562559604645 0.6760417222976685 0.1640625 0.23541668057441711
1 0.561718761920929 0.8791667222976685 0.19843749701976776 0.24166667461395264
1 0.897656261920929 0.4270833432674408 0.19843749701976776 0.24166667461395264
1 0.18437500298023224 0.9312500357627869 0.17499999701976776 0.13750000298023224
1 0.13906250894069672 0.08020833879709244 0.16250000894069672 0.1562500149011612
1 0.11406250298023224 0.41562503576278687 0.13750000298023224 0.1979166716337204
1 0.8500000238418579 0.0781250074505806 0.15625 0.15208333730697632
1 0.9468750357627869 0.6343750357627869 0.10625000298023224 0.16875000298023224
1 0.909375011920929 0.8406250476837158 0.18125000596046448 0.20625001192092896
1 0.09687500447034836 0.5770833492279053 0.14687500894069672 0.23750001192092896
0 0.23671875894069672 0.6583333611488342 0.06093750149011612 0.10000000894069672
1 0.633593738079071 0.11562500894069672 0.1953125 0.22708334028720856
1 0.40156251192092896 0.5958333611488342 0.15000000596046448 0.17083334922790527
1 0.3515625 0.5416666865348816 0.15000000596046448 0.17083334922790527
