1 0.10000000149011612 0.5281250476837158 0.17499999701976776 0.18541668355464935
1 0.29765626788139343 0.7510417103767395 0.16718749701976776 0.22291667759418488
1 0.15312500298023224 0.7000000476837158 0.13125000894069672 0.2916666865348816
1 0.6343750357627869 0.643750011920929 0.18437500298023224 0.21666668355464935
1 0.4867187440395355 0.7697917222976685 0.17031250894069672 0.17291668057441711
1 0.45000001788139343 0.5093750357627869 0.13750000298023224 0.28541669249534607
1 0.5726562738418579 0.4489583671092987 0.16718749701976776 0.22291667759418488
1 0.897656261920929 0.6447917222976685 0.18281249701976776 0.22291667759418488
1 0.90234375 0.3239583373069763 0.18281249701976776 0.22291667759418488
1 0.4742187559604645 0.9239583611488342 0.18593750894069672 0.15208333730697632
1 0.30000001192092896 0.5208333730697632 0.19375000894069672 0.17916667461395264
1 0.17421875894069672 0.25312501192092896 0.19218750298023224 0.2187500149011612
1 0.7046875357627869 0.534375011920929 0.13750000298023224 0.17291668057441711
1 0.8125 0.06979166716337204 0.13750000298023224 0.1354166716337204
1 0.6421875357627869 0.8687500357627869 0.15000000596046448 0.26250001788139343
0 0.797656238079071 0.17083334922790527 0.07656250149011612 0.0833333358168602
2 0.47343751788139343 0.19479167461395264 0.34375 0.3854166865348816
1 0.10000000149011612 0.5281250476837158 0.17499999701976776 0.18541668355464935
1 0.29765626788139343 0.7510417103767395 0.16718749701976776 0.22291667759418488
1 0.15312500298023224 0.7000000476837158 0.13125000894069672 0.2916666865348816
1 0.6343750357627869 0.643750011920929 0.18437500298023224 0.21666668355464935
1 0.4867187440395355 0.7697917222976685 0.17031250894069672 0.17291668057441711
1 0.45000001788139343 0.5093750357627869 0.13750000298023224 0.28541669249534607
1 0.5726562738418579 0.4489583671092987 0.16718749701976776 0.22291667759418488
1 0.897656261920929 0.6447917222976685 0.18281249701976776 0.22291667759418488
1 0.90234375 0.3239583373069763 0.18281249701976776 0.22291667759418488
1 0.4742187559604645 0.9239583611488342 0.18593750894069672 0.15208333730697632
1 0.30000001192092896 0.5208333730697632 0.19375000894069672 0.17916667461395264
1 0.17421875894069672 0.25312501192092896 0.19218750298023224 0.2187500149011612
1 0.7046875357627869 0.534375011920929 0.13750000298023224 0.17291668057441711
1 0.8125 0.06979166716337204 0.13750000298023224 0.1354166716337204
1 0.6421875357627869 0.8687500357627869 0.15000000596046448 0.26250001788139343
0 0.797656238079071 0.17083334922790527 0.07656250149011612 0.0833333358168602
2 0.47343751788139343 0.19479167461395264 0.34375 0.3854166865348816
