1 0.3460937440395355 0.5062500238418579 0.15156249701976776 0.20416668057441711
1 0.63671875 0.5479167103767395 0.15156249701976776 0.20416668057441711
1 0.7242187857627869 0.581250011920929 0.15156249701976776 0.20416668057441711
1 0.6539062857627869 0.8166667222976685 0.17031250894069672 0.23333334922790527
1 0.46015626192092896 0.6687500476837158 0.17031250894069672 0.23333334922790527
1 0.3296875059604645 0.8677083849906921 0.16250000894069672 0.20208334922790527
1 0.17031250894069672 0.92083340883255 0.18437500298023224 0.1458333432674408
1 0.2906250059604645 0.16875000298023224 0.19687500596046448 0.2750000059604645
1 0.07656250149011612 0.6937500238418579 0.15000000596046448 0.20416668057441711
1 0.875781238079071 0.45000001788139343 0.15156249701976776 0.20416668057441711
1 0.5718750357627869 0.9125000238418579 0.13750000298023224 0.17500001192092896
1 0.16250000894069672 0.5687500238418579 0.16250000894069672 0.17916667461395264
1 0.09765625 0.36145836114883423 0.16718749701976776 0.19375000894069672
1 0.13359375298023224 0.07604166865348816 0.16718749701976776 0.14791667461395264
2 0.48046875 0.2916666865348816 0.26093751192092896 0.2750000059604645
1 0.3460937440395355 0.5062500238418579 0.15156249701976776 0.20416668057441711
1 0.63671875 0.5479167103767395 0.15156249701976776 0.20416668057441711
1 0.7242187857627869 0.581250011920929 0.15156249701976776 0.20416668057441711
1 0.6539062857627869 0.8166667222976685 0.17031250894069672 0.23333334922790527
1 0.46015626192092896 0.6687500476837158 0.17031250894069672 0.23333334922790527
1 0.3296875059604645 0.8677083849906921 0.16250000894069672 0.20208334922790527
1 0.17031250894069672 0.92083340883255 0.18437500298023224 0.1458333432674408
1 0.2906250059604645 0.16875000298023224 0.19687500596046448 0.2750000059604645
1 0.07656250149011612 0.6937500238418579 0.15000000596046448 0.20416668057441711
1 0.875781238079071 0.45000001788139343 0.15156249701976776 0.20416668057441711
1 0.5718750357627869 0.9125000238418579 0.13750000298023224 0.17500001192092896
1 0.16250000894069672 0.5687500238418579 0.16250000894069672 0.17916667461395264
1 0.09765625 0.36145836114883423 0.16718749701976776 0.19375000894069672
1 0.13359375298023224 0.07604166865348816 0.16718749701976776 0.14791667461395264
2 0.48046875 0.2916666865348816 0.26093751192092896 0.2750000059604645
