1 0.7164062857627869 0.7354167103767395 0.18906250596046448 0.26250001788139343
1 0.32500001788139343 0.6312500238418579 0.20937500894069672 0.26250001788139343
1 0.09453125298023224 0.48645836114883423 0.18593750894069672 0.18541668355464935
1 0.06796874850988388 0.8885416984558105 0.1328125 0.22291667759418488
1 0.2906250059604645 0.14479167759418488 0.19062499701976776 0.22708334028720856
1 0.2593750059604645 0.36770835518836975 0.19062499701976776 0.22708334028720856
1 0.518750011920929 0.9093750715255737 0.17499999701976776 0.1770833432674408
1 0.9085937738418579 0.11145833879709244 0.1328125 0.17291668057441711
1 0.655468761920929 0.16041667759418488 0.20468750596046448 0.23750001192092896
1 0.48828125 0.1093750074505806 0.17656250298023224 0.21458333730697632
1 0.5875000357627869 0.6760417222976685 0.171875 0.22291667759418488
2 0.5062500238418579 0.4052083492279053 0.35625001788139343 0.4270833432674408
1 0.7164062857627869 0.7354167103767395 0.18906250596046448 0.26250001788139343
1 0.32500001788139343 0.6312500238418579 0.20937500894069672 0.26250001788139343
1 0.09453125298023224 0.48645836114883423 0.18593750894069672 0.18541668355464935
1 0.06796874850988388 0.8885416984558105 0.1328125 0.22291667759418488
1 0.2906250059604645 0.14479167759418488 0.19062499701976776 0.22708334028720856
1 0.2593750059604645 0.36770835518836975 0.19062499701976776 0.22708334028720856
1 0.518750011920929 0.9093750715255737 0.17499999701976776 0.1770833432674408
1 0.9085937738418579 0.11145833879709244 0.1328125 0.17291668057441711
1 0.655468761920929 0.16041667759418488 0.20468750596046448 0.23750001192092896
1 0.48828125 0.1093750074505806 0.17656250298023224 0.21458333730697632
1 0.5875000357627869 0.6760417222976685 0.171875 0.22291667759418488
2 0.5062500238418579 0.4052083492279053 0.35625001788139343 0.4270833432674408
