1 0.4156250059604645 0.6802083849906921 0.16875000298023224 0.2187500149011612
1 0.26250001788139343 0.6156250238418579 0.15000000596046448 0.21458333730697632
1 0.453125 0.43437501788139343 0.15000000596046448 0.21458333730697632
1 0.21953125298023224 0.3895833492279053 0.17343750596046448 0.22500000894069672
1 0.882031261920929 0.31458336114883423 0.17343750596046448 0.22500000894069672
1 0.30390626192092896 0.11875000596046448 0.17343750596046448 0.22500000894069672
1 0.7125000357627869 0.3281250298023224 0.20000000298023224 0.23541668057441711
1 0.624218761920929 0.3750000298023224 0.2515625059604645 0.18333333730697632
1 0.6734375357627869 0.6208333373069763 0.22187499701976776 0.2083333432674408
1 0.8070312738418579 0.706250011920929 0.17656250298023224 0.22083334624767303
1 0.83203125 0.9145833849906921 0.15781250596046448 0.17083334922790527
2 0.19062499701976776 0.8541666865348816 0.296875 0.2916666865348816
1 0.4156250059604645 0.6802083849906921 0.16875000298023224 0.2187500149011612
1 0.26250001788139343 0.6156250238418579 0.15000000596046448 0.21458333730697632
1 0.453125 0.43437501788139343 0.15000000596046448 0.21458333730697632
1 0.21953125298023224 0.3895833492279053 0.17343750596046448 0.22500000894069672
1 0.882031261920929 0.31458336114883423 0.17343750596046448 0.22500000894069672
1 0.30390626192092896 0.11875000596046448 0.17343750596046448 0.22500000894069672
1 0.7125000357627869 0.3281250298023224 0.20000000298023224 0.23541668057441711
1 0.624218761920929 0.3750000298023224 0.2515625059604645 0.18333333730697632
1 0.6734375357627869 0.6208333373069763 0.22187499701976776 0.2083333432674408
1 0.8070312738418579 0.706250011920929 0.17656250298023224 0.22083334624767303
1 0.83203125 0.9145833849906921 0.15781250596046448 0.17083334922790527
2 0.19062499701976776 0.8541666865348816 0.296875 0.2916666865348816
