1 0.711718738079071 0.6385416984558105 0.17343750596046448 0.18125000596046448
1 0.7007812857627869 0.8114583492279053 0.17343750596046448 0.18125000596046448
1 0.6031250357627869 0.20625001192092896 0.16875000298023224 0.22500000894069672
1 0.31562501192092896 0.14791667461395264 0.16875000298023224 0.22500000894069672
1 0.15625 0.8447917103767395 0.14374999701976776 0.18541668355464935
1 0.1328125 0.5375000238418579 0.13125000894069672 0.22083334624767303
1 0.5960937738418579 0.4364583492279053 0.17656250298023224 0.23541668057441711
1 0.819531261920929 0.4427083432674408 0.17656250298023224 0.23541668057441711
1 0.234375 0.6947916746139526 0.14374999701976776 0.18541668355464935
2 0.45234376192092896 0.7864583730697632 0.3671875 0.4270833432674408
0 0.36328125 0.550000011920929 0.10781250149011612 0.12083333730697632
0 0.5250000357627869 0.03854166716337204 0.06562500447034836 0.0729166716337204
1 0.711718738079071 0.6385416984558105 0.17343750596046448 0.18125000596046448
1 0.7007812857627869 0.8114583492279053 0.17343750596046448 0.18125000596046448
1 0.6031250357627869 0.20625001192092896 0.16875000298023224 0.22500000894069672
1 0.31562501192092896 0.14791667461395264 0.16875000298023224 0.22500000894069672
1 0.15625 0.8447917103767395 0.14374999701976776 0.18541668355464935
1 0.1328125 0.5375000238418579 0.13125000894069672 0.22083334624767303
1 0.5960937738418579 0.4364583492279053 0.17656250298023224 0.23541668057441711
1 0.819531261920929 0.4427083432674408 0.17656250298023224 0.23541668057441711
1 0.234375 0.6947916746139526 0.14374999701976776 0.18541668355464935
2 0.45234376192092896 0.7864583730697632 0.3671875 0.4270833432674408
0 0.36328125 0.550000011920929 0.10781250149011612 0.12083333730697632
0 0.5250000357627869 0.03854166716337204 0.06562500447034836 0.0729166716337204
