1 0.24687500298023224 0.41979169845581055 0.14687500894069672 0.2187500149011612
1 0.8414062857627869 0.2770833373069763 0.17031250894069672 0.22083334624767303
1 0.655468761920929 0.3375000059604645 0.17031250894069672 0.22083334624767303
1 0.741406261920929 0.7489583492279053 0.16718749701976776 0.24375000596046448
1 0.4671874940395355 0.7625000476837158 0.15312500298023224 0.22083334624767303
1 0.32343751192092896 0.7708333730697632 0.15312500298023224 0.22083334624767303
1 0.58203125 0.1927083432674408 0.16093750298023224 0.22291667759418488
1 0.1328125 0.24270834028720856 0.17499999701976776 0.2187500149011612
1 0.6031250357627869 0.6260417103767395 0.19687500596046448 0.2187500149011612
1 0.879687488079071 0.8770833611488342 0.15312500298023224 0.22083334624767303
2 0.37187501788139343 0.12291667610406876 0.20624999701976776 0.24166667461395264
1 0.24687500298023224 0.41979169845581055 0.14687500894069672 0.2187500149011612
1 0.8414062857627869 0.2770833373069763 0.17031250894069672 0.22083334624767303
1 0.655468761920929 0.3375000059604645 0.17031250894069672 0.22083334624767303
1 0.741406261920929 0.7489583492279053 0.16718749701976776 0.24375000596046448
1 0.4671874940395355 0.7625000476837158 0.15312500298023224 0.22083334624767303
1 0.32343751192092896 0.7708333730697632 0.15312500298023224 0.22083334624767303
1 0.58203125 0.1927083432674408 0.16093750298023224 0.22291667759418488
1 0.1328125 0.24270834028720856 0.17499999701976776 0.2187500149011612
1 0.6031250357627869 0.6260417103767395 0.19687500596046448 0.2187500149011612
1 0.879687488079071 0.8770833611488342 0.15312500298023224 0.22083334624767303
2 0.37187501788139343 0.12291667610406876 0.20624999701976776 0.24166667461395264
