1 0.30156251788139343 0.32083335518836975 0.15625 0.2458333522081375
1 0.3421874940395355 0.518750011920929 0.14374999701976776 0.2291666716337204
1 0.18515625596046448 0.12916667759418488 0.1484375 0.21250000596046448
1 0.7476562857627869 0.17291668057441711 0.1484375 0.21250000596046448
1 0.83984375 0.17291668057441711 0.1484375 0.21250000596046448
1 0.76171875 0.4062500298023224 0.1484375 0.21250000596046448
1 0.897656261920929 0.44166669249534607 0.1484375 0.21250000596046448
1 0.735156238079071 0.6250000596046448 0.16718749701976776 0.22500000894069672
1 0.6742187738418579 0.7416667342185974 0.16718749701976776 0.22500000894069672
1 0.14296875894069672 0.5375000238418579 0.14218750596046448 0.21250000596046448
1 0.17109374701976776 0.8604167103767395 0.17343750596046448 0.22083334624767303
1 0.879687488079071 0.7770833969116211 0.15937499701976776 0.19166667759418488
2 0.49687501788139343 0.2718750238418579 0.3031249940395355 0.39375001192092896
0 0.5726562738418579 0.6937500238418579 0.04843750223517418 0.06666667014360428
0 0.08515625447034836 0.3843750059604645 0.0546875 0.07708333432674408
1 0.30156251788139343 0.32083335518836975 0.15625 0.2458333522081375
1 0.3421874940395355 0.518750011920929 0.14374999701976776 0.2291666716337204
1 0.18515625596046448 0.12916667759418488 0.1484375 0.21250000596046448
1 0.7476562857627869 0.17291668057441711 0.1484375 0.21250000596046448
1 0.83984375 0.17291668057441711 0.1484375 0.21250000596046448
1 0.76171875 0.4062500298023224 0.1484375 0.21250000596046448
1 0.897656261920929 0.44166669249534607 0.1484375 0.21250000596046448
1 0.735156238079071 0.6250000596046448 0.16718749701976776 0.22500000894069672
1 0.6742187738418579 0.7416667342185974 0.16718749701976776 0.22500000894069672
1 0.14296875894069672 0.5375000238418579 0.14218750596046448 0.21250000596046448
1 0.17109374701976776 0.8604167103767395 0.17343750596046448 0.22083334624767303
1 0.879687488079071 0.7770833969116211 0.15937499701976776 0.19166667759418488
2 0.49687501788139343 0.2718750238418579 0.3031249940395355 0.39375001192092896
0 0.5726562738418579 0.6937500238418579 0.04843750223517418 0.06666667014360428
0 0.08515625447034836 0.3843750059604645 0.0546875 0.07708333432674408
