2 0.2945312559604645 0.5822917222976685 0.25468751788139343 0.28125
1 0.48046875 0.2958333492279053 0.1953125 0.23333334922790527
1 0.14609375596046448 0.44166669249534607 0.14531250298023224 0.19583334028720856
1 0.12265624850988388 0.265625 0.20781250298023224 0.21458333730697632
1 0.38359376788139343 0.8260416984558105 0.15781250596046448 0.21041667461395264
1 0.26640626788139343 0.8510417342185974 0.15781250596046448 0.21041667461395264
1 0.20859375596046448 0.8468750715255737 0.15781250596046448 0.21041667461395264
1 0.10234375298023224 0.8468750715255737 0.15781250596046448 0.21041667461395264
1 0.563281238079071 0.7489583492279053 0.15781250596046448 0.21041667461395264
1 0.73046875 0.7385417222976685 0.15781250596046448 0.21041667461395264
1 0.836718738079071 0.515625 0.15781250596046448 0.21041667461395264
1 0.8304687738418579 0.11770834028720856 0.1796875 0.22708334028720856
1 0.6500000357627869 0.10000000894069672 0.18125000596046448 0.19583334028720856
1 0.2640624940395355 0.10000000894069672 0.18125000596046448 0.19583334028720856
1 0.2953124940395355 0.2593750059604645 0.18125000596046448 0.1979166716337204
0 0.03593749925494194 0.0833333358168602 0.06875000149011612 0.08750000596046448
0 0.883593738079071 0.6427083611488342 0.0546875 0.06458333879709244
1 0.686718761920929 0.47291669249534607 0.1953125 0.23333334922790527
1 0.828906238079071 0.9072917103767395 0.13593749701976776 0.18541668355464935
2 0.2945312559604645 0.5822917222976685 0.25468751788139343 0.28125
1 0.48046875 0.2958333492279053 0.1953125 0.23333334922790527
1 0.14609375596046448 0.44166669249534607 0.14531250298023224 0.19583334028720856
1 0.12265624850988388 0.265625 0.20781250298023224 0.21458333730697632
1 0.38359376788139343 0.8260416984558105 0.15781250596046448 0.21041667461395264
1 0.26640626788139343 0.8510417342185974 0.15781250596046448 0.21041667461395264
1 0.20859375596046448 0.8468750715255737 0.15781250596046448 0.21041667461395264
1 0.10234375298023224 0.8468750715255737 0.15781250596046448 0.21041667461395264
1 0.563281238079071 0.7489583492279053 0.15781250596046448 0.21041667461395264
1 0.73046875 0.7385417222976685 0.15781250596046448 0.21041667461395264
1 0.836718738079071 0.515625 0.15781250596046448 0.21041667461395264
1 0.8304687738418579 0.11770834028720856 0.1796875 0.22708334028720856
1 0.6500000357627869 0.10000000894069672 0.18125000596046448 0.19583334028720856
1 0.2640624940395355 0.10000000894069672 0.18125000596046448 0.19583334028720856
1 0.2953124940395355 0.2593750059604645 0.18125000596046448 0.1979166716337204
0 0.03593749925494194 0.0833333358168602 0.06875000149011612 0.08750000596046448
0 0.883593738079071 0.6427083611488342 0.0546875 0.06458333879709244
1 0.686718761920929 0.47291669249534607 0.1953125 0.23333334922790527
1 0.828906238079071 0.9072917103767395 0.13593749701976776 0.18541668355464935
