1 0.8773437738418579 0.48750001192092896 0.1640625 0.23750001192092896
1 0.789843738079071 0.10729166865348816 0.1796875 0.21041667461395264
1 0.6195312738418579 0.6583333611488342 0.17656250298023224 0.2291666716337204
1 0.4554687440395355 0.8697916865348816 0.1640625 0.22291667759418488
1 0.27421876788139343 0.8656250238418579 0.1640625 0.22291667759418488
1 0.29609376192092896 0.2031250149011612 0.1640625 0.22291667759418488
1 0.4203124940395355 0.42500001192092896 0.17812500894069672 0.2291666716337204
1 0.796875 0.6760417222976685 0.16250000894069672 0.20625001192092896
1 0.729687511920929 0.7947916984558105 0.16250000894069672 0.20625001192092896
2 0.13828125596046448 0.37916669249534607 0.2734375 0.5083333849906921
1 0.8773437738418579 0.48750001192092896 0.1640625 0.23750001192092896
1 0.789843738079071 0.10729166865348816 0.1796875 0.21041667461395264
1 0.6195312738418579 0.6583333611488342 0.17656250298023224 0.2291666716337204
1 0.4554687440395355 0.8697916865348816 0.1640625 0.22291667759418488
1 0.27421876788139343 0.8656250238418579 0.1640625 0.22291667759418488
1 0.29609376192092896 0.2031250149011612 0.1640625 0.22291667759418488
1 0.4203124940395355 0.42500001192092896 0.17812500894069672 0.2291666716337204
1 0.796875 0.6760417222976685 0.16250000894069672 0.20625001192092896
1 0.729687511920929 0.7947916984558105 0.16250000894069672 0.20625001192092896
2 0.13828125596046448 0.37916669249534607 0.2734375 0.5083333849906921
