1 0.35546875 0.2031250149011612 0.15781250596046448 0.20625001192092896
1 0.18046875298023224 0.8427083492279053 0.15781250596046448 0.20625001192092896
1 0.940625011920929 0.9114583730697632 0.11874999850988388 0.1770833432674408
1 0.823437511920929 0.768750011920929 0.171875 0.22500000894069672
1 0.33984375 0.8958333730697632 0.19218750298023224 0.2083333432674408
1 0.5390625 0.20625001192092896 0.15312500298023224 0.20416668057441711
1 0.80078125 0.14270834624767303 0.17656250298023224 0.1979166716337204
1 0.17890624701976776 0.1041666716337204 0.18593750894069672 0.20416668057441711
1 0.15546874701976776 0.6854166984558105 0.12031250447034836 0.14166668057441711
2 0.4375 0.6093750596046448 0.37187501788139343 0.4645833671092987
1 0.35546875 0.2031250149011612 0.15781250596046448 0.20625001192092896
1 0.18046875298023224 0.8427083492279053 0.15781250596046448 0.20625001192092896
1 0.940625011920929 0.9114583730697632 0.11874999850988388 0.1770833432674408
1 0.823437511920929 0.768750011920929 0.171875 0.22500000894069672
1 0.33984375 0.8958333730697632 0.19218750298023224 0.2083333432674408
1 0.5390625 0.20625001192092896 0.15312500298023224 0.20416668057441711
1 0.80078125 0.14270834624767303 0.17656250298023224 0.1979166716337204
1 0.17890624701976776 0.1041666716337204 0.18593750894069672 0.20416668057441711
1 0.15546874701976776 0.6854166984558105 0.12031250447034836 0.14166668057441711
2 0.4375 0.6093750596046448 0.37187501788139343 0.4645833671092987
