1 0.6656250357627869 0.5052083730697632 0.15625 0.21458333730697632
1 0.58984375 0.5270833373069763 0.16093750298023224 0.2666666805744171
1 0.84765625 0.5604166984558105 0.18281249701976776 0.23333334922790527
1 0.90625 0.7552083730697632 0.15937499701976776 0.20208334922790527
1 0.39921876788139343 0.5437500476837158 0.17031250894069672 0.2291666716337204
1 0.10625000298023224 0.3187500238418579 0.14374999701976776 0.20000001788139343
1 0.08906250447034836 0.7770833969116211 0.14374999701976776 0.20416668057441711
1 0.8804687857627869 0.13333334028720856 0.13906250894069672 0.17500001192092896
1 0.4296875 0.33645835518836975 0.13750000298023224 0.18541668355464935
1 0.18281249701976776 0.8489583730697632 0.1875 0.2395833432674408
1 0.4789062440395355 0.8312500715255737 0.1953125 0.2083333432674408
2 0.6070312857627869 0.1770833432674408 0.34843751788139343 0.3500000238418579
1 0.6656250357627869 0.5052083730697632 0.15625 0.21458333730697632
1 0.58984375 0.5270833373069763 0.16093750298023224 0.2666666805744171
1 0.84765625 0.5604166984558105 0.18281249701976776 0.23333334922790527
1 0.90625 0.7552083730697632 0.15937499701976776 0.20208334922790527
1 0.39921876788139343 0.5437500476837158 0.17031250894069672 0.2291666716337204
1 0.10625000298023224 0.3187500238418579 0.14374999701976776 0.20000001788139343
1 0.08906250447034836 0.7770833969116211 0.14374999701976776 0.20416668057441711
1 0.8804687857627869 0.13333334028720856 0.13906250894069672 0.17500001192092896
1 0.4296875 0.33645835518836975 0.13750000298023224 0.18541668355464935
1 0.18281249701976776 0.8489583730697632 0.1875 0.2395833432674408
1 0.4789062440395355 0.8312500715255737 0.1953125 0.2083333432674408
2 0.6070312857627869 0.1770833432674408 0.34843751788139343 0.3500000238418579
