1 0.797656238079071 0.2718750238418579 0.1484375 0.2395833432674408
1 0.530468761920929 0.2760416865348816 0.1484375 0.2395833432674408
1 0.4156250059604645 0.13125000894069672 0.20000000298023224 0.21666668355464935
1 0.2578125 0.13125000894069672 0.15625 0.1875000149011612
1 0.18906250596046448 0.30416667461395264 0.15625 0.1875000149011612
1 0.33125001192092896 0.32083335518836975 0.15625 0.1875000149011612
1 0.24609375 0.5020833611488342 0.16093750298023224 0.21666668355464935
1 0.32890626788139343 0.8333333730697632 0.16093750298023224 0.21666668355464935
1 0.4007812440395355 0.5145833492279053 0.16093750298023224 0.21666668355464935
1 0.723437488079071 0.8833333849906921 0.25 0.20000001788139343
2 0.671093761920929 0.5760416984558105 0.2984375059604645 0.4479166865348816
1 0.797656238079071 0.2718750238418579 0.1484375 0.2395833432674408
1 0.530468761920929 0.2760416865348816 0.1484375 0.2395833432674408
1 0.4156250059604645 0.13125000894069672 0.20000000298023224 0.21666668355464935
1 0.2578125 0.13125000894069672 0.15625 0.1875000149011612
1 0.18906250596046448 0.30416667461395264 0.15625 0.1875000149011612
1 0.33125001192092896 0.32083335518836975 0.15625 0.1875000149011612
1 0.24609375 0.5020833611488342 0.16093750298023224 0.21666668355464935
1 0.32890626788139343 0.8333333730697632 0.16093750298023224 0.21666668355464935
1 0.4007812440395355 0.5145833492279053 0.16093750298023224 0.21666668355464935
1 0.723437488079071 0.8833333849906921 0.25 0.20000001788139343
2 0.671093761920929 0.5760416984558105 0.2984375059604645 0.4479166865348816
