0 0.17421875894069672 0.6645833849906921 0.08906250447034836 0.08750000596046448
0 0.578125 0.7208333611488342 0.06562500447034836 0.07916667312383652
2 0.4906249940395355 0.8666667342185974 0.21562500298023224 0.2666666805744171
1 0.5015625357627869 0.34166669845581055 0.15937499701976776 0.19166667759418488
1 0.5703125 0.2770833373069763 0.15937499701976776 0.19166667759418488
1 0.3499999940395355 0.6937500238418579 0.19687500596046448 0.2083333432674408
0 0.17421875894069672 0.6645833849906921 0.08906250447034836 0.08750000596046448
0 0.578125 0.7208333611488342 0.06562500447034836 0.07916667312383652
2 0.4906249940395355 0.8666667342185974 0.21562500298023224 0.2666666805744171
1 0.5015625357627869 0.34166669845581055 0.15937499701976776 0.19166667759418488
1 0.5703125 0.2770833373069763 0.15937499701976776 0.19166667759418488
1 0.3499999940395355 0.6937500238418579 0.19687500596046448 0.2083333432674408
