1 0.42656251788139343 0.6854166984558105 0.17812500894069672 0.2083333432674408
1 0.2710937559604645 0.8541666865348816 0.17656250298023224 0.2708333432674408
1 0.7953125238418579 0.7583333849906921 0.17812500894069672 0.2083333432674408
1 0.690625011920929 0.7645833492279053 0.17812500894069672 0.2083333432674408
1 0.8695312738418579 0.5697916746139526 0.16093750298023224 0.21458333730697632
1 0.840624988079071 0.4687500298023224 0.15625 0.19166667759418488
1 0.823437511920929 0.21458333730697632 0.15625 0.19166667759418488
1 0.7437500357627869 0.24166667461395264 0.15625 0.19166667759418488
1 0.6703125238418579 0.4593750238418579 0.16562500596046448 0.21458333730697632
1 0.07578124850988388 0.476041704416275 0.1484375 0.20625001192092896
1 0.07578124850988388 0.10312500596046448 0.1484375 0.20208334922790527
1 0.5218750238418579 0.5135416984558105 0.15000000596046448 0.20625001192092896
2 0.37812501192092896 0.20520834624767303 0.37187501788139343 0.4062500298023224
1 0.42656251788139343 0.6854166984558105 0.17812500894069672 0.2083333432674408
1 0.2710937559604645 0.8541666865348816 0.17656250298023224 0.2708333432674408
1 0.7953125238418579 0.7583333849906921 0.17812500894069672 0.2083333432674408
1 0.690625011920929 0.7645833492279053 0.17812500894069672 0.2083333432674408
1 0.8695312738418579 0.5697916746139526 0.16093750298023224 0.21458333730697632
1 0.840624988079071 0.4687500298023224 0.15625 0.19166667759418488
1 0.823437511920929 0.21458333730697632 0.15625 0.19166667759418488
1 0.7437500357627869 0.24166667461395264 0.15625 0.19166667759418488
1 0.6703125238418579 0.4593750238418579 0.16562500596046448 0.21458333730697632
1 0.07578124850988388 0.476041704416275 0.1484375 0.20625001192092896
1 0.07578124850988388 0.10312500596046448 0.1484375 0.20208334922790527
1 0.5218750238418579 0.5135416984558105 0.15000000596046448 0.20625001192092896
2 0.37812501192092896 0.20520834624767303 0.37187501788139343 0.4062500298023224
