1 0.2874999940395355 0.5802083611488342 0.15937499701976776 0.2187500149011612
1 0.518750011920929 0.6093750596046448 0.15937499701976776 0.2187500149011612
1 0.559374988079071 0.8281250596046448 0.15937499701976776 0.2187500149011612
1 0.3851562440395355 0.7510417103767395 0.1484375 0.20208334922790527
1 0.2523437440395355 0.8635417222976685 0.1484375 0.20208334922790527
1 0.30546876788139343 0.3739583492279053 0.1484375 0.20208334922790527
1 0.4117187559604645 0.19583334028720856 0.17031250894069672 0.20000001788139343
1 0.4664062559604645 0.40416669845581055 0.17031250894069672 0.20000001788139343
1 0.875781238079071 0.34062501788139343 0.17031250894069672 0.2395833432674408
1 0.87890625 0.8572916984558105 0.17031250894069672 0.2395833432674408
1 0.745312511920929 0.7052083611488342 0.21250000596046448 0.22708334028720856
1 0.15390625596046448 0.2822916805744171 0.17031250894069672 0.2395833432674408
1 0.12109375 0.49687501788139343 0.17031250894069672 0.2395833432674408
2 0.664843738079071 0.13645833730697632 0.34843751788139343 0.26875001192092896
1 0.2874999940395355 0.5802083611488342 0.15937499701976776 0.2187500149011612
1 0.518750011920929 0.6093750596046448 0.15937499701976776 0.2187500149011612
1 0.559374988079071 0.8281250596046448 0.15937499701976776 0.2187500149011612
1 0.3851562440395355 0.7510417103767395 0.1484375 0.20208334922790527
1 0.2523437440395355 0.8635417222976685 0.1484375 0.20208334922790527
1 0.30546876788139343 0.3739583492279053 0.1484375 0.20208334922790527
1 0.4117187559604645 0.19583334028720856 0.17031250894069672 0.20000001788139343
1 0.4664062559604645 0.40416669845581055 0.17031250894069672 0.20000001788139343
1 0.875781238079071 0.34062501788139343 0.17031250894069672 0.2395833432674408
1 0.87890625 0.8572916984558105 0.17031250894069672 0.2395833432674408
1 0.745312511920929 0.7052083611488342 0.21250000596046448 0.22708334028720856
1 0.15390625596046448 0.2822916805744171 0.17031250894069672 0.2395833432674408
1 0.12109375 0.49687501788139343 0.17031250894069672 0.2395833432674408
2 0.664843738079071 0.13645833730697632 0.34843751788139343 0.26875001192092896
