2 0.30390626192092896 0.5895833373069763 0.27031251788139343 0.3708333671092987
0 0.18515625596046448 0.7177083492279053 0.06093750149011612 0.06458333879709244
0 0.2632812559604645 0.03229166939854622 0.06093750149011612 0.06041666865348816
0 0.6460937857627869 0.44687503576278687 0.06093750149011612 0.06458333879709244
1 0.11484374850988388 0.43541669845581055 0.17656250298023224 0.19166667759418488
1 0.08906250447034836 0.5062500238418579 0.17499999701976776 0.19166667759418488
1 0.532031238079071 0.3916666805744171 0.16093750298023224 0.19166667759418488
1 0.6117187738418579 0.2645833492279053 0.16093750298023224 0.19166667759418488
1 0.5210937857627869 0.15416666865348816 0.18281249701976776 0.21666668355464935
1 0.796875 0.23125001788139343 0.21562500298023224 0.21666668355464935
1 0.8203125 0.4229166805744171 0.16875000298023224 0.25
1 0.934374988079071 0.8739583492279053 0.12812499701976776 0.25208336114883423
1 0.737500011920929 0.88958340883255 0.20624999701976776 0.22083334624767303
1 0.516406238079071 0.90520840883255 0.18281249701976776 0.18958334624767303
1 0.671875 0.6229166984558105 0.16250000894069672 0.2083333432674408
1 0.08984375 0.16562500596046448 0.1328125 0.28125
2 0.30390626192092896 0.5895833373069763 0.27031251788139343 0.3708333671092987
0 0.18515625596046448 0.7177083492279053 0.06093750149011612 0.06458333879709244
0 0.2632812559604645 0.03229166939854622 0.06093750149011612 0.06041666865348816
0 0.6460937857627869 0.44687503576278687 0.06093750149011612 0.06458333879709244
1 0.11484374850988388 0.43541669845581055 0.17656250298023224 0.19166667759418488
1 0.08906250447034836 0.5062500238418579 0.17499999701976776 0.19166667759418488
1 0.532031238079071 0.3916666805744171 0.16093750298023224 0.19166667759418488
1 0.6117187738418579 0.2645833492279053 0.16093750298023224 0.19166667759418488
1 0.5210937857627869 0.15416666865348816 0.18281249701976776 0.21666668355464935
1 0.796875 0.23125001788139343 0.21562500298023224 0.21666668355464935
1 0.8203125 0.4229166805744171 0.16875000298023224 0.25
1 0.934374988079071 0.8739583492279053 0.12812499701976776 0.25208336114883423
1 0.737500011920929 0.88958340883255 0.20624999701976776 0.22083334624767303
1 0.516406238079071 0.90520840883255 0.18281249701976776 0.18958334624767303
1 0.671875 0.6229166984558105 0.16250000894069672 0.2083333432674408
1 0.08984375 0.16562500596046448 0.1328125 0.28125
