1 0.871874988079071 0.25312501192092896 0.15937499701976776 0.24375000596046448
1 0.745312511920929 0.8989583849906921 0.15937499701976776 0.20208334922790527
1 0.37187501788139343 0.23750001192092896 0.16250000894069672 0.25
1 0.26250001788139343 0.1093750074505806 0.1875 0.21458333730697632
1 0.08984375 0.10104167461395264 0.17656250298023224 0.1979166716337204
1 0.5796875357627869 0.11041667312383652 0.17812500894069672 0.20000001788139343
1 0.17656250298023224 0.6458333730697632 0.16250000894069672 0.20416668057441711
1 0.2265625 0.9093750715255737 0.14687500894069672 0.18125000596046448
0 0.8578125238418579 0.7864583730697632 0.078125 0.08541667461395264
0 0.35234376788139343 0.6843750476837158 0.05156249925494194 0.07708333432674408
2 0.5531250238418579 0.40416669845581055 0.3499999940395355 0.44583335518836975
1 0.5335937738418579 0.8989583849906921 0.17031250894069672 0.20208334922790527
1 0.8882812857627869 0.9156250357627869 0.16093750298023224 0.14375001192092896
1 0.871874988079071 0.25312501192092896 0.15937499701976776 0.24375000596046448
1 0.745312511920929 0.8989583849906921 0.15937499701976776 0.20208334922790527
1 0.37187501788139343 0.23750001192092896 0.16250000894069672 0.25
1 0.26250001788139343 0.1093750074505806 0.1875 0.21458333730697632
1 0.08984375 0.10104167461395264 0.17656250298023224 0.1979166716337204
1 0.5796875357627869 0.11041667312383652 0.17812500894069672 0.20000001788139343
1 0.17656250298023224 0.6458333730697632 0.16250000894069672 0.20416668057441711
1 0.2265625 0.9093750715255737 0.14687500894069672 0.18125000596046448
0 0.8578125238418579 0.7864583730697632 0.078125 0.08541667461395264
0 0.35234376788139343 0.6843750476837158 0.05156249925494194 0.07708333432674408
2 0.5531250238418579 0.40416669845581055 0.3499999940395355 0.44583335518836975
1 0.5335937738418579 0.8989583849906921 0.17031250894069672 0.20208334922790527
1 0.8882812857627869 0.9156250357627869 0.16093750298023224 0.14375001192092896
