1 0.3218750059604645 0.33125001192092896 0.15625 0.19583334028720856
1 0.3421874940395355 0.8864583969116211 0.15937499701976776 0.21458333730697632
1 0.4359374940395355 0.5333333611488342 0.12812499701976776 0.11666667461395264
1 0.796875 0.42916667461395264 0.16875000298023224 0.1875000149011612
1 0.9195312857627869 0.7427083849906921 0.16093750298023224 0.2395833432674408
1 0.19218750298023224 0.21666668355464935 0.19375000894069672 0.17083334922790527
1 0.08906250447034836 0.9375000596046448 0.15625 0.125
0 0.09765625 0.32083335518836975 0.07656250149011612 0.1041666716337204
0 0.4742187559604645 0.42395836114883423 0.0703125 0.08958333730697632
0 0.944531261920929 0.9114583730697632 0.06093750149011612 0.07708333432674408
0 0.823437511920929 0.7468750476837158 0.0625 0.07708333432674408
2 0.17499999701976776 0.565625011920929 0.3031249940395355 0.37708336114883423
1 0.3218750059604645 0.33125001192092896 0.15625 0.19583334028720856
1 0.3421874940395355 0.8864583969116211 0.15937499701976776 0.21458333730697632
1 0.4359374940395355 0.5333333611488342 0.12812499701976776 0.11666667461395264
1 0.796875 0.42916667461395264 0.16875000298023224 0.1875000149011612
1 0.9195312857627869 0.7427083849906921 0.16093750298023224 0.2395833432674408
1 0.19218750298023224 0.21666668355464935 0.19375000894069672 0.17083334922790527
1 0.08906250447034836 0.9375000596046448 0.15625 0.125
0 0.09765625 0.32083335518836975 0.07656250149011612 0.1041666716337204
0 0.4742187559604645 0.42395836114883423 0.0703125 0.08958333730697632
0 0.944531261920929 0.9114583730697632 0.06093750149011612 0.07708333432674408
0 0.823437511920929 0.7468750476837158 0.0625 0.07708333432674408
2 0.17499999701976776 0.565625011920929 0.3031249940395355 0.37708336114883423
