1 0.844531238079071 0.8635417222976685 0.18906250596046448 0.2395833432674408
1 0.672656238079071 0.5406250357627869 0.18906250596046448 0.2395833432674408
1 0.6578125357627869 0.3437500298023224 0.140625 0.17083334922790527
1 0.16718749701976776 0.4520833492279053 0.10000000149011612 0.23750001192092896
1 0.20859375596046448 0.6302083730697632 0.15156249701976776 0.18541668355464935
1 0.17890624701976776 0.0833333358168602 0.1328125 0.16250000894069672
1 0.4195312559604645 0.13229167461395264 0.1484375 0.18541668355464935
1 0.51171875 0.21041667461395264 0.1953125 0.2083333432674408
1 0.7875000238418579 0.25 0.140625 0.17083334922790527
1 0.5218750238418579 0.7385417222976685 0.25312501192092896 0.13958333432674408
1 0.45390626788139343 0.7822917103767395 0.15781250596046448 0.19375000894069672
0 0.05390625074505806 0.4520833492279053 0.05781250074505806 0.07916667312383652
0 0.22421875596046448 0.24895834922790527 0.0703125 0.09791667014360428
0 0.7054687738418579 0.8718750476837158 0.09531249850988388 0.11041667312383652
2 0.37421876192092896 0.42604169249534607 0.30781251192092896 0.4479166865348816
1 0.844531238079071 0.8635417222976685 0.18906250596046448 0.2395833432674408
1 0.672656238079071 0.5406250357627869 0.18906250596046448 0.2395833432674408
1 0.6578125357627869 0.3437500298023224 0.140625 0.17083334922790527
1 0.16718749701976776 0.4520833492279053 0.10000000149011612 0.23750001192092896
1 0.20859375596046448 0.6302083730697632 0.15156249701976776 0.18541668355464935
1 0.17890624701976776 0.0833333358168602 0.1328125 0.16250000894069672
1 0.4195312559604645 0.13229167461395264 0.1484375 0.18541668355464935
1 0.51171875 0.21041667461395264 0.1953125 0.2083333432674408
1 0.7875000238418579 0.25 0.140625 0.17083334922790527
1 0.5218750238418579 0.7385417222976685 0.25312501192092896 0.13958333432674408
1 0.45390626788139343 0.7822917103767395 0.15781250596046448 0.19375000894069672
0 0.05390625074505806 0.4520833492279053 0.05781250074505806 0.07916667312383652
0 0.22421875596046448 0.24895834922790527 0.0703125 0.09791667014360428
0 0.7054687738418579 0.8718750476837158 0.09531249850988388 0.11041667312383652
2 0.37421876192092896 0.42604169249534607 0.30781251192092896 0.4479166865348816
