1 0.655468761920929 0.20000001788139343 0.15781250596046448 0.23333334922790527
1 0.8179687857627869 0.44166669249534607 0.15781250596046448 0.23333334922790527
1 0.79296875 0.6916667222976685 0.19218750298023224 0.22500000894069672
1 0.917187511920929 0.8604167103767395 0.16562500596046448 0.20416668057441711
1 0.715624988079071 0.8864583969116211 0.16562500596046448 0.22708334028720856
1 0.936718761920929 0.3135416805744171 0.12656250596046448 0.22291667759418488
1 0.805468738079071 0.0937500074505806 0.14531250298023224 0.18333333730697632
1 0.49140626192092896 0.8291667103767395 0.1171875 0.2291666716337204
1 0.4203124940395355 0.8281250596046448 0.1875 0.18958334624767303
1 0.23203125596046448 0.8333333730697632 0.1640625 0.2291666716337204
1 0.655468761920929 0.38333335518836975 0.14218750596046448 0.17083334922790527
1 0.36406251788139343 0.15312500298023224 0.15625 0.19375000894069672
1 0.14218750596046448 0.515625 0.15625 0.19375000894069672
1 0.24140624701976776 0.13437500596046448 0.15156249701976776 0.22708334028720856
1 0.12890625 0.31562501192092896 0.17656250298023224 0.2395833432674408
2 0.3734374940395355 0.5364583730697632 0.3812499940395355 0.49791669845581055
1 0.655468761920929 0.20000001788139343 0.15781250596046448 0.23333334922790527
1 0.8179687857627869 0.44166669249534607 0.15781250596046448 0.23333334922790527
1 0.79296875 0.6916667222976685 0.19218750298023224 0.22500000894069672
1 0.917187511920929 0.8604167103767395 0.16562500596046448 0.20416668057441711
1 0.715624988079071 0.8864583969116211 0.16562500596046448 0.22708334028720856
1 0.936718761920929 0.3135416805744171 0.12656250596046448 0.22291667759418488
1 0.805468738079071 0.0937500074505806 0.14531250298023224 0.18333333730697632
1 0.49140626192092896 0.8291667103767395 0.1171875 0.2291666716337204
1 0.4203124940395355 0.8281250596046448 0.1875 0.18958334624767303
1 0.23203125596046448 0.8333333730697632 0.1640625 0.2291666716337204
1 0.655468761920929 0.38333335518836975 0.14218750596046448 0.17083334922790527
1 0.36406251788139343 0.15312500298023224 0.15625 0.19375000894069672
1 0.14218750596046448 0.515625 0.15625 0.19375000894069672
1 0.24140624701976776 0.13437500596046448 0.15156249701976776 0.22708334028720856
1 0.12890625 0.31562501192092896 0.17656250298023224 0.2395833432674408
2 0.3734374940395355 0.5364583730697632 0.3812499940395355 0.49791669845581055
