1 0.44062501192092896 0.3968750238418579 0.17499999701976776 0.20625001192092896
1 0.3921875059604645 0.20416668057441711 0.21250000596046448 0.24166667461395264
1 0.598437488079071 0.4062500298023224 0.17499999701976776 0.21666668355464935
1 0.871874988079071 0.7125000357627869 0.16562500596046448 0.21250000596046448
1 0.9156250357627869 0.9031250476837158 0.16250000894069672 0.19375000894069672
1 0.3382812440395355 0.9187500476837158 0.16093750298023224 0.16250000894069672
1 0.5171875357627869 0.7114583849906921 0.18125000596046448 0.20208334922790527
1 0.07500000298023224 0.09791667014360428 0.14687500894069672 0.19166667759418488
1 0.7242187857627869 0.6208333373069763 0.16718749701976776 0.25833335518836975
1 0.6304687857627869 0.11666667461395264 0.17031250894069672 0.2291666716337204
1 0.9390625357627869 0.26979169249534607 0.12187500298023224 0.24375000596046448
1 0.897656261920929 0.4854166805744171 0.15468750894069672 0.2458333522081375
1 0.26093751192092896 0.47291669249534607 0.18437500298023224 0.24166667461395264
0 0.40156251192092896 0.04895833507180214 0.07500000298023224 0.0937500074505806
2 0.6796875 0.8697916865348816 0.33125001192092896 0.2604166865348816
1 0.44062501192092896 0.3968750238418579 0.17499999701976776 0.20625001192092896
1 0.3921875059604645 0.20416668057441711 0.21250000596046448 0.24166667461395264
1 0.598437488079071 0.4062500298023224 0.17499999701976776 0.21666668355464935
1 0.871874988079071 0.7125000357627869 0.16562500596046448 0.21250000596046448
1 0.9156250357627869 0.9031250476837158 0.16250000894069672 0.19375000894069672
1 0.3382812440395355 0.9187500476837158 0.16093750298023224 0.16250000894069672
1 0.5171875357627869 0.7114583849906921 0.18125000596046448 0.20208334922790527
1 0.07500000298023224 0.09791667014360428 0.14687500894069672 0.19166667759418488
1 0.7242187857627869 0.6208333373069763 0.16718749701976776 0.25833335518836975
1 0.6304687857627869 0.11666667461395264 0.17031250894069672 0.2291666716337204
1 0.9390625357627869 0.26979169249534607 0.12187500298023224 0.24375000596046448
1 0.897656261920929 0.4854166805744171 0.15468750894069672 0.2458333522081375
1 0.26093751192092896 0.47291669249534607 0.18437500298023224 0.24166667461395264
0 0.40156251192092896 0.04895833507180214 0.07500000298023224 0.0937500074505806
2 0.6796875 0.8697916865348816 0.33125001192092896 0.2604166865348816
