1 0.514843761920929 0.35104167461395264 0.17656250298023224 0.22291667759418488
1 0.17578125 0.32604169845581055 0.17656250298023224 0.22291667759418488
1 0.7281250357627869 0.22083334624767303 0.16250000894069672 0.2666666805744171
1 0.918749988079071 0.2875000238418579 0.16250000894069672 0.2666666805744171
1 0.8218750357627869 0.5354167222976685 0.16250000894069672 0.2666666805744171
1 0.809374988079071 0.8354167342185974 0.16250000894069672 0.2666666805744171
1 0.737500011920929 0.8666667342185974 0.16250000894069672 0.2666666805744171
1 0.41328126192092896 0.4739583432674408 0.15468750894069672 0.22291667759418488
1 0.671093761920929 0.48854169249534607 0.15468750894069672 0.22291667759418488
1 0.078125 0.2447916865348816 0.15312500298023224 0.22291667759418488
1 0.6000000238418579 0.09166666865348816 0.1875 0.17916667461395264
1 0.3531250059604645 0.07395833730697632 0.20000000298023224 0.14375001192092896
1 0.3382812440395355 0.4531250298023224 0.13593749701976776 0.2187500149011612
1 0.28515625 0.5072916746139526 0.13593749701976776 0.2187500149011612
1 0.22890625894069672 0.5489583611488342 0.13593749701976776 0.2187500149011612
1 0.11328125 0.5906250476837158 0.13593749701976776 0.2187500149011612
0 0.2945312559604645 0.1718750149011612 0.05781250074505806 0.0729166716337204
0 0.03828125074505806 0.8718750476837158 0.05781250074505806 0.0729166716337204
0 0.22265625 0.6718750596046448 0.05781250074505806 0.0729166716337204
2 0.524218738079071 0.8000000715255737 0.3296875059604645 0.40000003576278687
1 0.3023437559604645 0.7510417103767395 0.1328125 0.2604166865348816
1 0.18515625596046448 0.12083333730697632 0.17343750596046448 0.16250000894069672
1 0.514843761920929 0.35104167461395264 0.17656250298023224 0.22291667759418488
1 0.17578125 0.32604169845581055 0.17656250298023224 0.22291667759418488
1 0.7281250357627869 0.22083334624767303 0.16250000894069672 0.2666666805744171
1 0.918749988079071 0.2875000238418579 0.16250000894069672 0.2666666805744171
1 0.8218750357627869 0.5354167222976685 0.16250000894069672 0.2666666805744171
1 0.809374988079071 0.8354167342185974 0.16250000894069672 0.2666666805744171
1 0.737500011920929 0.8666667342185974 0.16250000894069672 0.2666666805744171
1 0.41328126192092896 0.4739583432674408 0.15468750894069672 0.22291667759418488
1 0.671093761920929 0.48854169249534607 0.15468750894069672 0.22291667759418488
1 0.078125 0.2447916865348816 0.15312500298023224 0.22291667759418488
1 0.6000000238418579 0.09166666865348816 0.1875 0.17916667461395264
1 0.3531250059604645 0.07395833730697632 0.20000000298023224 0.14375001192092896
1 0.3382812440395355 0.4531250298023224 0.13593749701976776 0.2187500149011612
1 0.28515625 0.5072916746139526 0.13593749701976776 0.2187500149011612
1 0.22890625894069672 0.5489583611488342 0.13593749701976776 0.2187500149011612
1 0.11328125 0.5906250476837158 0.13593749701976776 0.2187500149011612
0 0.2945312559604645 0.1718750149011612 0.05781250074505806 0.0729166716337204
0 0.03828125074505806 0.8718750476837158 0.05781250074505806 0.0729166716337204
0 0.22265625 0.6718750596046448 0.05781250074505806 0.0729166716337204
2 0.524218738079071 0.8000000715255737 0.3296875059604645 0.40000003576278687
1 0.3023437559604645 0.7510417103767395 0.1328125 0.2604166865348816
1 0.18515625596046448 0.12083333730697632 0.17343750596046448 0.16250000894069672
