1 0.37421876192092896 0.3895833492279053 0.17031250894069672 0.20416668057441711
1 0.51171875 0.42500001192092896 0.17031250894069672 0.20416668057441711
1 0.757031261920929 0.5750000476837158 0.17031250894069672 0.20416668057441711
1 0.9007812738418579 0.4208333492279053 0.17031250894069672 0.20416668057441711
1 0.592968761920929 0.6312500238418579 0.17031250894069672 0.20416668057441711
1 0.5445312857627869 0.737500011920929 0.17031250894069672 0.20416668057441711
1 0.6273437738418579 0.16041667759418488 0.17031250894069672 0.20416668057441711
1 0.8023437857627869 0.2916666865348816 0.17031250894069672 0.20416668057441711
1 0.600781261920929 0.8770833611488342 0.17031250894069672 0.20416668057441711
2 0.4312500059604645 0.12291667610406876 0.20624999701976776 0.23333334922790527
1 0.37421876192092896 0.3895833492279053 0.17031250894069672 0.20416668057441711
1 0.51171875 0.42500001192092896 0.17031250894069672 0.20416668057441711
1 0.757031261920929 0.5750000476837158 0.17031250894069672 0.20416668057441711
1 0.9007812738418579 0.4208333492279053 0.17031250894069672 0.20416668057441711
1 0.592968761920929 0.6312500238418579 0.17031250894069672 0.20416668057441711
1 0.5445312857627869 0.737500011920929 0.17031250894069672 0.20416668057441711
1 0.6273437738418579 0.16041667759418488 0.17031250894069672 0.20416668057441711
1 0.8023437857627869 0.2916666865348816 0.17031250894069672 0.20416668057441711
1 0.600781261920929 0.8770833611488342 0.17031250894069672 0.20416668057441711
2 0.4312500059604645 0.12291667610406876 0.20624999701976776 0.23333334922790527
