1 0.05546874925494194 0.6822916865348816 0.10781250149011612 0.21458333730697632
1 0.3843750059604645 0.8468750715255737 0.20000000298023224 0.21458333730697632
1 0.234375 0.5718750357627869 0.15312500298023224 0.2187500149011612
1 0.88671875 0.4895833730697632 0.1640625 0.24166667461395264
1 0.633593738079071 0.9187500476837158 0.1484375 0.16250000894069672
1 0.1953125 0.9156250357627869 0.16875000298023224 0.16875000298023224
1 0.07265625149011612 0.10833334177732468 0.14218750596046448 0.21250000596046448
1 0.714062511920929 0.5052083730697632 0.16250000894069672 0.21458333730697632
1 0.39531251788139343 0.6166666746139526 0.20000000298023224 0.22500000894069672
1 0.561718761920929 0.7614583969116211 0.18281249701976776 0.21458333730697632
1 0.21484375 0.41562503576278687 0.12343750149011612 0.15208333730697632
2 0.5023437738418579 0.33645835518836975 0.3609375059604645 0.460416704416275
1 0.05546874925494194 0.6822916865348816 0.10781250149011612 0.21458333730697632
1 0.3843750059604645 0.8468750715255737 0.20000000298023224 0.21458333730697632
1 0.234375 0.5718750357627869 0.15312500298023224 0.2187500149011612
1 0.88671875 0.4895833730697632 0.1640625 0.24166667461395264
1 0.633593738079071 0.9187500476837158 0.1484375 0.16250000894069672
1 0.1953125 0.9156250357627869 0.16875000298023224 0.16875000298023224
1 0.07265625149011612 0.10833334177732468 0.14218750596046448 0.21250000596046448
1 0.714062511920929 0.5052083730697632 0.16250000894069672 0.21458333730697632
1 0.39531251788139343 0.6166666746139526 0.20000000298023224 0.22500000894069672
1 0.561718761920929 0.7614583969116211 0.18281249701976776 0.21458333730697632
1 0.21484375 0.41562503576278687 0.12343750149011612 0.15208333730697632
2 0.5023437738418579 0.33645835518836975 0.3609375059604645 0.460416704416275
