1 0.11562500149011612 0.12083333730697632 0.171875 0.23333334922790527
1 0.078125 0.48854169249534607 0.15312500298023224 0.24375000596046448
1 0.3671875 0.21666668355464935 0.15000000596046448 0.20000001788139343
1 0.559374988079071 0.476041704416275 0.1875 0.19375000894069672
1 0.7125000357627869 0.6156250238418579 0.1875 0.19375000894069672
1 0.90625 0.11562500894069672 0.1875 0.19375000894069672
1 0.13906250894069672 0.7322916984558105 0.1875 0.19375000894069672
1 0.90625 0.34166669845581055 0.1875 0.23750001192092896
1 0.23906250298023224 0.45000001788139343 0.13437500596046448 0.18333333730697632
2 0.4945312440395355 0.7572917342185974 0.3296875059604645 0.48125001788139343
1 0.11562500149011612 0.12083333730697632 0.171875 0.23333334922790527
1 0.078125 0.48854169249534607 0.15312500298023224 0.24375000596046448
1 0.3671875 0.21666668355464935 0.15000000596046448 0.20000001788139343
1 0.559374988079071 0.476041704416275 0.1875 0.19375000894069672
1 0.7125000357627869 0.6156250238418579 0.1875 0.19375000894069672
1 0.90625 0.11562500894069672 0.1875 0.19375000894069672
1 0.13906250894069672 0.7322916984558105 0.1875 0.19375000894069672
1 0.90625 0.34166669845581055 0.1875 0.23750001192092896
1 0.23906250298023224 0.45000001788139343 0.13437500596046448 0.18333333730697632
2 0.4945312440395355 0.7572917342185974 0.3296875059604645 0.48125001788139343
