1 0.819531261920929 0.1770833432674408 0.17343750596046448 0.1875000149011612
1 0.6742187738418579 0.21770834922790527 0.17656250298023224 0.20625001192092896
1 0.555468738079071 0.5677083730697632 0.17656250298023224 0.20625001192092896
1 0.82421875 0.5906250476837158 0.15781250596046448 0.18541668355464935
1 0.928906261920929 0.43541669845581055 0.14218750596046448 0.2458333522081375
1 0.721875011920929 0.4645833671092987 0.17812500894069672 0.24166667461395264
1 0.15546874701976776 0.8322917222976685 0.17656250298023224 0.20625001192092896
1 0.21640625596046448 0.10104167461395264 0.16718749701976776 0.1979166716337204
1 0.48515626788139343 0.8447917103767395 0.19218750298023224 0.22291667759418488
1 0.753125011920929 0.8416666984558105 0.19375000894069672 0.2666666805744171
2 0.2945312559604645 0.3604166805744171 0.3609375059604645 0.4583333432674408
0 0.5523437857627869 0.31562501192092896 0.0546875 0.06458333879709244
1 0.819531261920929 0.1770833432674408 0.17343750596046448 0.1875000149011612
1 0.6742187738418579 0.21770834922790527 0.17656250298023224 0.20625001192092896
1 0.555468738079071 0.5677083730697632 0.17656250298023224 0.20625001192092896
1 0.82421875 0.5906250476837158 0.15781250596046448 0.18541668355464935
1 0.928906261920929 0.43541669845581055 0.14218750596046448 0.2458333522081375
1 0.721875011920929 0.4645833671092987 0.17812500894069672 0.24166667461395264
1 0.15546874701976776 0.8322917222976685 0.17656250298023224 0.20625001192092896
1 0.21640625596046448 0.10104167461395264 0.16718749701976776 0.1979166716337204
1 0.48515626788139343 0.8447917103767395 0.19218750298023224 0.22291667759418488
1 0.753125011920929 0.8416666984558105 0.19375000894069672 0.2666666805744171
2 0.2945312559604645 0.3604166805744171 0.3609375059604645 0.4583333432674408
0 0.5523437857627869 0.31562501192092896 0.0546875 0.06458333879709244
