1 0.559374988079071 0.5864583849906921 0.15937499701976776 0.19375000894069672
1 0.6031250357627869 0.3750000298023224 0.17499999701976776 0.19583334028720856
1 0.38593751192092896 0.4270833432674408 0.171875 0.2291666716337204
1 0.484375 0.09791667014360428 0.17499999701976776 0.19166667759418488
1 0.15000000596046448 0.13333334028720856 0.13750000298023224 0.20000001788139343
1 0.12734375894069672 0.6218750476837158 0.17031250894069672 0.18958334624767303
1 0.6070312857627869 0.21562501788139343 0.17031250894069672 0.18958334624767303
1 0.47734376788139343 0.7656250596046448 0.16718749701976776 0.21041667461395264
1 0.3851562440395355 0.6843750476837158 0.14531250298023224 0.2604166865348816
1 0.8335937857627869 0.41979169845581055 0.17656250298023224 0.15208333730697632
1 0.776562511920929 0.34687501192092896 0.16562500596046448 0.1562500149011612
2 0.7398437857627869 0.8854166865348816 0.22968749701976776 0.2291666716337204
1 0.559374988079071 0.5864583849906921 0.15937499701976776 0.19375000894069672
1 0.6031250357627869 0.3750000298023224 0.17499999701976776 0.19583334028720856
1 0.38593751192092896 0.4270833432674408 0.171875 0.2291666716337204
1 0.484375 0.09791667014360428 0.17499999701976776 0.19166667759418488
1 0.15000000596046448 0.13333334028720856 0.13750000298023224 0.20000001788139343
1 0.12734375894069672 0.6218750476837158 0.17031250894069672 0.18958334624767303
1 0.6070312857627869 0.21562501788139343 0.17031250894069672 0.18958334624767303
1 0.47734376788139343 0.7656250596046448 0.16718749701976776 0.21041667461395264
1 0.3851562440395355 0.6843750476837158 0.14531250298023224 0.2604166865348816
1 0.8335937857627869 0.41979169845581055 0.17656250298023224 0.15208333730697632
1 0.776562511920929 0.34687501192092896 0.16562500596046448 0.1562500149011612
2 0.7398437857627869 0.8854166865348816 0.22968749701976776 0.2291666716337204
