2 0.3382812440395355 0.4739583432674408 0.3359375 0.3895833492279053
1 0.75 0.5906250476837158 0.15000000596046448 0.17291668057441711
1 0.871874988079071 0.31979167461395264 0.15000000596046448 0.17291668057441711
1 0.840624988079071 0.8708333969116211 0.17499999701976776 0.23750001192092896
1 0.18828125298023224 0.6833333969116211 0.14218750596046448 0.19583334028720856
1 0.14453125 0.06562500447034836 0.17031250894069672 0.12708334624767303
1 0.5296875238418579 0.17083334922790527 0.15937499701976776 0.20416668057441711
1 0.7328125238418579 0.2614583373069763 0.18125000596046448 0.24791668355464935
1 0.08046875149011612 0.2916666865348816 0.15781250596046448 0.24166667461395264
1 0.06406249850988388 0.6822916865348816 0.125 0.18541668355464935
1 0.06171875074505806 0.7416667342185974 0.12031250447034836 0.17083334922790527
1 0.671875 0.8625000715255737 0.12187500298023224 0.17083334922790527
0 0.2265625 0.13333334028720856 0.05625000223517418 0.07083334028720856
2 0.3382812440395355 0.4739583432674408 0.3359375 0.3895833492279053
1 0.75 0.5906250476837158 0.15000000596046448 0.17291668057441711
1 0.871874988079071 0.31979167461395264 0.15000000596046448 0.17291668057441711
1 0.840624988079071 0.8708333969116211 0.17499999701976776 0.23750001192092896
1 0.18828125298023224 0.6833333969116211 0.14218750596046448 0.19583334028720856
1 0.14453125 0.06562500447034836 0.17031250894069672 0.12708334624767303
1 0.5296875238418579 0.17083334922790527 0.15937499701976776 0.20416668057441711
1 0.7328125238418579 0.2614583373069763 0.18125000596046448 0.24791668355464935
1 0.08046875149011612 0.2916666865348816 0.15781250596046448 0.24166667461395264
1 0.06406249850988388 0.6822916865348816 0.125 0.18541668355464935
1 0.06171875074505806 0.7416667342185974 0.12031250447034836 0.17083334922790527
1 0.671875 0.8625000715255737 0.12187500298023224 0.17083334922790527
0 0.2265625 0.13333334028720856 0.05625000223517418 0.07083334028720856
