1 0.10078125447034836 0.6833333969116211 0.15781250596046448 0.22083334624767303
1 0.07968749850988388 0.88958340883255 0.15625 0.22083334624767303
1 0.6148437857627869 0.8729166984558105 0.15781250596046448 0.22083334624767303
1 0.5296875238418579 0.9020833969116211 0.140625 0.19583334028720856
1 0.590624988079071 0.6145833730697632 0.140625 0.19583334028720856
1 0.375 0.13958333432674408 0.13125000894069672 0.2750000059604645
1 0.7875000238418579 0.41562503576278687 0.13750000298023224 0.22291667759418488
1 0.8421875238418579 0.41354167461395264 0.13750000298023224 0.22291667759418488
1 0.9242187738418579 0.43541669845581055 0.15156249701976776 0.21250000596046448
1 0.8984375 0.6645833849906921 0.171875 0.21666668355464935
1 0.553906261920929 0.4677083492279053 0.13906250894069672 0.17291668057441711
1 0.9164062738418579 0.0781250074505806 0.16718749701976776 0.15208333730697632
2 0.54296875 0.21979168057441711 0.20468750596046448 0.2645833492279053
0 0.788281261920929 0.7333333492279053 0.06093750149011612 0.06666667014360428
1 0.10078125447034836 0.6833333969116211 0.15781250596046448 0.22083334624767303
1 0.07968749850988388 0.88958340883255 0.15625 0.22083334624767303
1 0.6148437857627869 0.8729166984558105 0.15781250596046448 0.22083334624767303
1 0.5296875238418579 0.9020833969116211 0.140625 0.19583334028720856
1 0.590624988079071 0.6145833730697632 0.140625 0.19583334028720856
1 0.375 0.13958333432674408 0.13125000894069672 0.2750000059604645
1 0.7875000238418579 0.41562503576278687 0.13750000298023224 0.22291667759418488
1 0.8421875238418579 0.41354167461395264 0.13750000298023224 0.22291667759418488
1 0.9242187738418579 0.43541669845581055 0.15156249701976776 0.21250000596046448
1 0.8984375 0.6645833849906921 0.171875 0.21666668355464935
1 0.553906261920929 0.4677083492279053 0.13906250894069672 0.17291668057441711
1 0.9164062738418579 0.0781250074505806 0.16718749701976776 0.15208333730697632
2 0.54296875 0.21979168057441711 0.20468750596046448 0.2645833492279053
0 0.788281261920929 0.7333333492279053 0.06093750149011612 0.06666667014360428
