2 0.21718750894069672 0.5833333730697632 0.36250001192092896 0.5958333611488342
1 0.793749988079071 0.7781250476837158 0.20937500894069672 0.20625001192092896
1 0.65625 0.4906250238418579 0.15000000596046448 0.18125000596046448
1 0.551562488079071 0.534375011920929 0.15000000596046448 0.18125000596046448
1 0.4296875 0.7572917342185974 0.15312500298023224 0.31458336114883423
1 0.563281238079071 0.7625000476837158 0.1484375 0.20000001788139343
1 0.514843761920929 0.9000000357627869 0.1484375 0.20000001788139343
1 0.7914062738418579 0.31562501192092896 0.18906250596046448 0.22708334028720856
1 0.782031238079071 0.10104167461395264 0.18906250596046448 0.1979166716337204
1 0.42578125 0.3177083432674408 0.18281249701976776 0.18958334624767303
1 0.5726562738418579 0.3083333373069763 0.21406249701976776 0.26250001788139343
1 0.109375 0.28437501192092896 0.19687500596046448 0.25208336114883423
1 0.09062500298023224 0.0989583358168602 0.17812500894069672 0.19375000894069672
1 0.53125 0.06875000149011612 0.16875000298023224 0.13333334028720856
1 0.3460937440395355 0.1458333432674408 0.2109375 0.23750001192092896
0 0.73828125 0.9000000357627869 0.06406249850988388 0.07083334028720856
1 0.823437511920929 0.41354167461395264 0.15000000596046448 0.18125000596046448
1 0.28593751788139343 0.9093750715255737 0.15000000596046448 0.18125000596046448
2 0.21718750894069672 0.5833333730697632 0.36250001192092896 0.5958333611488342
1 0.793749988079071 0.7781250476837158 0.20937500894069672 0.20625001192092896
1 0.65625 0.4906250238418579 0.15000000596046448 0.18125000596046448
1 0.551562488079071 0.534375011920929 0.15000000596046448 0.18125000596046448
1 0.4296875 0.7572917342185974 0.15312500298023224 0.31458336114883423
1 0.563281238079071 0.7625000476837158 0.1484375 0.20000001788139343
1 0.514843761920929 0.9000000357627869 0.1484375 0.20000001788139343
1 0.7914062738418579 0.31562501192092896 0.18906250596046448 0.22708334028720856
1 0.782031238079071 0.10104167461395264 0.18906250596046448 0.1979166716337204
1 0.42578125 0.3177083432674408 0.18281249701976776 0.18958334624767303
1 0.5726562738418579 0.3083333373069763 0.21406249701976776 0.26250001788139343
1 0.109375 0.28437501192092896 0.19687500596046448 0.25208336114883423
1 0.09062500298023224 0.0989583358168602 0.17812500894069672 0.19375000894069672
1 0.53125 0.06875000149011612 0.16875000298023224 0.13333334028720856
1 0.3460937440395355 0.1458333432674408 0.2109375 0.23750001192092896
0 0.73828125 0.9000000357627869 0.06406249850988388 0.07083334028720856
1 0.823437511920929 0.41354167461395264 0.15000000596046448 0.18125000596046448
1 0.28593751788139343 0.9093750715255737 0.15000000596046448 0.18125000596046448
