1 0.11874999850988388 0.3114583492279053 0.15937499701976776 0.24791668355464935
1 0.08906250447034836 0.10312500596046448 0.15937499701976776 0.20208334922790527
1 0.26640626788139343 0.08125000447034836 0.19218750298023224 0.15833334624767303
1 0.5179687738418579 0.12916667759418488 0.1796875 0.23333334922790527
1 0.6585937738418579 0.48125001788139343 0.1796875 0.24166667461395264
1 0.21015624701976776 0.6604167222976685 0.15156249701976776 0.21250000596046448
1 0.07578124850988388 0.768750011920929 0.1484375 0.2291666716337204
1 0.3515625 0.8041667342185974 0.15000000596046448 0.2291666716337204
1 0.5179687738418579 0.7416667342185974 0.15156249701976776 0.2083333432674408
1 0.699999988079071 0.721875011920929 0.17499999701976776 0.21041667461395264
1 0.870312511920929 0.8760417103767395 0.17499999701976776 0.21041667461395264
1 0.682812511920929 0.2343750149011612 0.15312500298023224 0.21041667461395264
1 0.4351562559604645 0.9281250238418579 0.14218750596046448 0.13958333432674408
1 0.22812500596046448 0.9270833730697632 0.17499999701976776 0.13750000298023224
2 0.36328125 0.3750000298023224 0.37031251192092896 0.4750000238418579
0 0.7906250357627869 0.48854169249534607 0.10625000298023224 0.13958333432674408
0 0.770312488079071 0.13229167461395264 0.07187499850988388 0.08541667461395264
1 0.11874999850988388 0.3114583492279053 0.15937499701976776 0.24791668355464935
1 0.08906250447034836 0.10312500596046448 0.15937499701976776 0.20208334922790527
1 0.26640626788139343 0.08125000447034836 0.19218750298023224 0.15833334624767303
1 0.5179687738418579 0.12916667759418488 0.1796875 0.23333334922790527
1 0.6585937738418579 0.48125001788139343 0.1796875 0.24166667461395264
1 0.21015624701976776 0.6604167222976685 0.15156249701976776 0.21250000596046448
1 0.07578124850988388 0.768750011920929 0.1484375 0.2291666716337204
1 0.3515625 0.8041667342185974 0.15000000596046448 0.2291666716337204
1 0.5179687738418579 0.7416667342185974 0.15156249701976776 0.2083333432674408
1 0.699999988079071 0.721875011920929 0.17499999701976776 0.21041667461395264
1 0.870312511920929 0.8760417103767395 0.17499999701976776 0.21041667461395264
1 0.682812511920929 0.2343750149011612 0.15312500298023224 0.21041667461395264
1 0.4351562559604645 0.9281250238418579 0.14218750596046448 0.13958333432674408
1 0.22812500596046448 0.9270833730697632 0.17499999701976776 0.13750000298023224
2 0.36328125 0.3750000298023224 0.37031251192092896 0.4750000238418579
0 0.7906250357627869 0.48854169249534607 0.10625000298023224 0.13958333432674408
0 0.770312488079071 0.13229167461395264 0.07187499850988388 0.08541667461395264
