1 0.12109375 0.3083333373069763 0.16718749701976776 0.22500000894069672
1 0.7242187857627869 0.6343750357627869 0.19218750298023224 0.22291667759418488
1 0.73828125 0.8885416984558105 0.19218750298023224 0.22291667759418488
1 0.91796875 0.11145833879709244 0.15468750894069672 0.2187500149011612
1 0.606249988079071 0.41979169845581055 0.14374999701976776 0.1979166716337204
1 0.789843738079071 0.2552083432674408 0.16718749701976776 0.20625001192092896
1 0.23828125 0.5781250596046448 0.16718749701976776 0.20625001192092896
1 0.15000000596046448 0.6072916984558105 0.1875 0.2187500149011612
1 0.32500001788139343 0.24062500894069672 0.16250000894069672 0.2187500149011612
1 0.675000011920929 0.4322916865348816 0.13750000298023224 0.1770833432674408
2 0.2890625 0.8885416984558105 0.26250001788139343 0.22291667759418488
2 0.45625001192092896 0.7000000476837158 0.3499999940395355 0.5041667222976685
1 0.12109375 0.3083333373069763 0.16718749701976776 0.22500000894069672
1 0.7242187857627869 0.6343750357627869 0.19218750298023224 0.22291667759418488
1 0.73828125 0.8885416984558105 0.19218750298023224 0.22291667759418488
1 0.91796875 0.11145833879709244 0.15468750894069672 0.2187500149011612
1 0.606249988079071 0.41979169845581055 0.14374999701976776 0.1979166716337204
1 0.789843738079071 0.2552083432674408 0.16718749701976776 0.20625001192092896
1 0.23828125 0.5781250596046448 0.16718749701976776 0.20625001192092896
1 0.15000000596046448 0.6072916984558105 0.1875 0.2187500149011612
1 0.32500001788139343 0.24062500894069672 0.16250000894069672 0.2187500149011612
1 0.675000011920929 0.4322916865348816 0.13750000298023224 0.1770833432674408
2 0.2890625 0.8885416984558105 0.26250001788139343 0.22291667759418488
2 0.45625001192092896 0.7000000476837158 0.3499999940395355 0.5041667222976685
