1 0.2601562440395355 0.39791667461395264 0.17031250894069672 0.21250000596046448
1 0.19921875 0.20104168355464935 0.15156249701976776 0.21458333730697632
1 0.08828125149011612 0.6458333730697632 0.17343750596046448 0.23333334922790527
1 0.2601562440395355 0.8322917222976685 0.17343750596046448 0.22708334028720856
1 0.2796874940395355 0.6468750238418579 0.18437500298023224 0.2187500149011612
1 0.45390626788139343 0.24791668355464935 0.18281249701976776 0.27916666865348816
1 0.737500011920929 0.36145836114883423 0.18437500298023224 0.2187500149011612
1 0.913281261920929 0.6645833849906921 0.17343750596046448 0.22500000894069672
1 0.09921874850988388 0.10520833730697632 0.1953125 0.20625001192092896
1 0.889843761920929 0.28125 0.1484375 0.25833335518836975
2 0.5367187857627869 0.5614583492279053 0.3984375 0.4895833730697632
1 0.2601562440395355 0.39791667461395264 0.17031250894069672 0.21250000596046448
1 0.19921875 0.20104168355464935 0.15156249701976776 0.21458333730697632
1 0.08828125149011612 0.6458333730697632 0.17343750596046448 0.23333334922790527
1 0.2601562440395355 0.8322917222976685 0.17343750596046448 0.22708334028720856
1 0.2796874940395355 0.6468750238418579 0.18437500298023224 0.2187500149011612
1 0.45390626788139343 0.24791668355464935 0.18281249701976776 0.27916666865348816
1 0.737500011920929 0.36145836114883423 0.18437500298023224 0.2187500149011612
1 0.913281261920929 0.6645833849906921 0.17343750596046448 0.22500000894069672
1 0.09921874850988388 0.10520833730697632 0.1953125 0.20625001192092896
1 0.889843761920929 0.28125 0.1484375 0.25833335518836975
2 0.5367187857627869 0.5614583492279053 0.3984375 0.4895833730697632
