1 0.792187511920929 0.6187500357627869 0.18437500298023224 0.22083334624767303
1 0.44609376788139343 0.546875 0.1484375 0.1979166716337204
1 0.09218750149011612 0.7145833969116211 0.13750000298023224 0.26250001788139343
1 0.4625000059604645 0.24687501788139343 0.17812500894069672 0.20208334922790527
1 0.8257812857627869 0.14479167759418488 0.19218750298023224 0.23541668057441711
1 0.7281250357627869 0.3812500238418579 0.16875000298023224 0.22083334624767303
1 0.606249988079071 0.4072916805744171 0.18437500298023224 0.24375000596046448
1 0.647656261920929 0.9010416865348816 0.18593750894069672 0.1979166716337204
1 0.6109375357627869 0.643750011920929 0.15937499701976776 0.2083333432674408
1 0.3499999940395355 0.3864583671092987 0.15625 0.1979166716337204
1 0.22968749701976776 0.21979168057441711 0.15312500298023224 0.24375000596046448
1 0.22968749701976776 0.45104169845581055 0.140625 0.25208336114883423
1 0.3375000059604645 0.08125000447034836 0.171875 0.15833334624767303
2 0.30156251788139343 0.8083333969116211 0.35625001788139343 0.38333335518836975
0 0.8671875 0.25208336114883423 0.05937499925494194 0.07916667312383652
0 0.8203125 0.2864583432674408 0.05625000223517418 0.0729166716337204
1 0.792187511920929 0.6187500357627869 0.18437500298023224 0.22083334624767303
1 0.44609376788139343 0.546875 0.1484375 0.1979166716337204
1 0.09218750149011612 0.7145833969116211 0.13750000298023224 0.26250001788139343
1 0.4625000059604645 0.24687501788139343 0.17812500894069672 0.20208334922790527
1 0.8257812857627869 0.14479167759418488 0.19218750298023224 0.23541668057441711
1 0.7281250357627869 0.3812500238418579 0.16875000298023224 0.22083334624767303
1 0.606249988079071 0.4072916805744171 0.18437500298023224 0.24375000596046448
1 0.647656261920929 0.9010416865348816 0.18593750894069672 0.1979166716337204
1 0.6109375357627869 0.643750011920929 0.15937499701976776 0.2083333432674408
1 0.3499999940395355 0.3864583671092987 0.15625 0.1979166716337204
1 0.22968749701976776 0.21979168057441711 0.15312500298023224 0.24375000596046448
1 0.22968749701976776 0.45104169845581055 0.140625 0.25208336114883423
1 0.3375000059604645 0.08125000447034836 0.171875 0.15833334624767303
2 0.30156251788139343 0.8083333969116211 0.35625001788139343 0.38333335518836975
0 0.8671875 0.25208336114883423 0.05937499925494194 0.07916667312383652
0 0.8203125 0.2864583432674408 0.05625000223517418 0.0729166716337204
