2 0.30781251192092896 0.6927083730697632 0.28125 0.37708336114883423
1 0.41093751788139343 0.3281250298023224 0.17499999701976776 0.21458333730697632
1 0.34687501192092896 0.37812501192092896 0.17499999701976776 0.21458333730697632
1 0.706250011920929 0.4635416865348816 0.14687500894069672 0.21458333730697632
1 0.848437488079071 0.3281250298023224 0.17499999701976776 0.21458333730697632
1 0.92578125 0.7739583849906921 0.1484375 0.23541668057441711
1 0.48046875 0.8854166865348816 0.1484375 0.2291666716337204
1 0.06953125447034836 0.6520833969116211 0.13593749701976776 0.19583334028720856
1 0.078125 0.3958333432674408 0.15312500298023224 0.21666668355464935
1 0.171875 0.28958335518836975 0.15625 0.21666668355464935
1 0.5703125 0.16250000894069672 0.20000000298023224 0.23750001192092896
1 0.696093738079071 0.23750001192092896 0.15156249701976776 0.22500000894069672
1 0.9234375357627869 0.6166666746139526 0.15000000596046448 0.22500000894069672
1 0.659375011920929 0.45625001192092896 0.09687500447034836 0.21250000596046448
1 0.733593761920929 0.08437500149011612 0.15156249701976776 0.16458334028720856
1 0.8257812857627869 0.08437500149011612 0.15156249701976776 0.16458334028720856
0 0.28125 0.22604167461395264 0.05625000223517418 0.0729166716337204
1 0.8046875 0.6572917103767395 0.14687500894069672 0.21458333730697632
1 0.24765625596046448 0.09062500298023224 0.16093750298023224 0.1770833432674408
1 0.21484375 0.9020833969116211 0.2109375 0.18333333730697632
2 0.30781251192092896 0.6927083730697632 0.28125 0.37708336114883423
1 0.41093751788139343 0.3281250298023224 0.17499999701976776 0.21458333730697632
1 0.34687501192092896 0.37812501192092896 0.17499999701976776 0.21458333730697632
1 0.706250011920929 0.4635416865348816 0.14687500894069672 0.21458333730697632
1 0.848437488079071 0.3281250298023224 0.17499999701976776 0.21458333730697632
1 0.92578125 0.7739583849906921 0.1484375 0.23541668057441711
1 0.48046875 0.8854166865348816 0.1484375 0.2291666716337204
1 0.06953125447034836 0.6520833969116211 0.13593749701976776 0.19583334028720856
1 0.078125 0.3958333432674408 0.15312500298023224 0.21666668355464935
1 0.171875 0.28958335518836975 0.15625 0.21666668355464935
1 0.5703125 0.16250000894069672 0.20000000298023224 0.23750001192092896
1 0.696093738079071 0.23750001192092896 0.15156249701976776 0.22500000894069672
1 0.9234375357627869 0.6166666746139526 0.15000000596046448 0.22500000894069672
1 0.659375011920929 0.45625001192092896 0.09687500447034836 0.21250000596046448
1 0.733593761920929 0.08437500149011612 0.15156249701976776 0.16458334028720856
1 0.8257812857627869 0.08437500149011612 0.15156249701976776 0.16458334028720856
0 0.28125 0.22604167461395264 0.05625000223517418 0.0729166716337204
1 0.8046875 0.6572917103767395 0.14687500894069672 0.21458333730697632
1 0.24765625596046448 0.09062500298023224 0.16093750298023224 0.1770833432674408
1 0.21484375 0.9020833969116211 0.2109375 0.18333333730697632
