1 0.827343761920929 0.8645833730697632 0.2109375 0.19583334028720856
1 0.692187488079071 0.32500001788139343 0.20937500894069672 0.21666668355464935
1 0.44218751788139343 0.5614583492279053 0.20000000298023224 0.18958334624767303
1 0.27031251788139343 0.7041667103767395 0.15312500298023224 0.21666668355464935
1 0.18984375894069672 0.9083333611488342 0.1640625 0.17916667461395264
1 0.42656251788139343 0.7812500596046448 0.16875000298023224 0.2083333432674408
1 0.553906261920929 0.7291666865348816 0.19218750298023224 0.2458333522081375
1 0.6500000357627869 0.5270833373069763 0.16875000298023224 0.2083333432674408
1 0.12968750298023224 0.12083333730697632 0.15000000596046448 0.23750001192092896
1 0.7984375357627869 0.5114583373069763 0.15625 0.21041667461395264
1 0.668749988079071 0.10520833730697632 0.16875000298023224 0.20625001192092896
1 0.06015625223517418 0.36666667461395264 0.1171875 0.2750000059604645
2 0.3687500059604645 0.26354166865348816 0.37187501788139343 0.4520833492279053
1 0.827343761920929 0.8645833730697632 0.2109375 0.19583334028720856
1 0.692187488079071 0.32500001788139343 0.20937500894069672 0.21666668355464935
1 0.44218751788139343 0.5614583492279053 0.20000000298023224 0.18958334624767303
1 0.27031251788139343 0.7041667103767395 0.15312500298023224 0.21666668355464935
1 0.18984375894069672 0.9083333611488342 0.1640625 0.17916667461395264
1 0.42656251788139343 0.7812500596046448 0.16875000298023224 0.2083333432674408
1 0.553906261920929 0.7291666865348816 0.19218750298023224 0.2458333522081375
1 0.6500000357627869 0.5270833373069763 0.16875000298023224 0.2083333432674408
1 0.12968750298023224 0.12083333730697632 0.15000000596046448 0.23750001192092896
1 0.7984375357627869 0.5114583373069763 0.15625 0.21041667461395264
1 0.668749988079071 0.10520833730697632 0.16875000298023224 0.20625001192092896
1 0.06015625223517418 0.36666667461395264 0.1171875 0.2750000059604645
2 0.3687500059604645 0.26354166865348816 0.37187501788139343 0.4520833492279053
