1 0.737500011920929 0.46145835518836975 0.234375 0.23541668057441711
1 0.65234375 0.6916667222976685 0.20468750596046448 0.26250001788139343
1 0.530468761920929 0.8906250596046448 0.17343750596046448 0.2187500149011612
1 0.3695312440395355 0.7812500596046448 0.1640625 0.2458333522081375
1 0.3101562559604645 0.6000000238418579 0.1640625 0.2458333522081375
1 0.15781250596046448 0.7010416984558105 0.15312500298023224 0.24375000596046448
1 0.2640624940395355 0.3760416805744171 0.21562500298023224 0.1979166716337204
1 0.39375001192092896 0.22083334624767303 0.15000000596046448 0.21250000596046448
1 0.7015625238418579 0.17500001192092896 0.171875 0.19166667759418488
1 0.7867187857627869 0.9281250238418579 0.16718749701976776 0.14375001192092896
2 0.22578124701976776 0.11875000596046448 0.3734374940395355 0.23333334922790527
1 0.737500011920929 0.46145835518836975 0.234375 0.23541668057441711
1 0.65234375 0.6916667222976685 0.20468750596046448 0.26250001788139343
1 0.530468761920929 0.8906250596046448 0.17343750596046448 0.2187500149011612
1 0.3695312440395355 0.7812500596046448 0.1640625 0.2458333522081375
1 0.3101562559604645 0.6000000238418579 0.1640625 0.2458333522081375
1 0.15781250596046448 0.7010416984558105 0.15312500298023224 0.24375000596046448
1 0.2640624940395355 0.3760416805744171 0.21562500298023224 0.1979166716337204
1 0.39375001192092896 0.22083334624767303 0.15000000596046448 0.21250000596046448
1 0.7015625238418579 0.17500001192092896 0.171875 0.19166667759418488
1 0.7867187857627869 0.9281250238418579 0.16718749701976776 0.14375001192092896
2 0.22578124701976776 0.11875000596046448 0.3734374940395355 0.23333334922790527
