1 0.10078125447034836 0.5083333849906921 0.13906250894069672 0.21666668355464935
1 0.5757812857627869 0.675000011920929 0.17031250894069672 0.19583334028720856
1 0.8335937857627869 0.5052083730697632 0.17656250298023224 0.19375000894069672
1 0.850781261920929 0.7406250238418579 0.17656250298023224 0.2187500149011612
1 0.6773437857627869 0.2802083492279053 0.17656250298023224 0.2187500149011612
1 0.24921874701976776 0.21250000596046448 0.1484375 0.19166667759418488
1 0.3304687440395355 0.9041666984558105 0.1484375 0.19166667759418488
1 0.694531261920929 0.8583333492279053 0.1484375 0.19166667759418488
1 0.43828126788139343 0.12708334624767303 0.1484375 0.19166667759418488
1 0.5835937857627869 0.6166666746139526 0.17031250894069672 0.19583334028720856
1 0.13359375298023224 0.5333333611488342 0.13906250894069672 0.21666668355464935
2 0.3828125 0.5145833492279053 0.3968749940395355 0.44166669249534607
0 0.22421875596046448 0.7947916984558105 0.0703125 0.0937500074505806
1 0.10078125447034836 0.5083333849906921 0.13906250894069672 0.21666668355464935
1 0.5757812857627869 0.675000011920929 0.17031250894069672 0.19583334028720856
1 0.8335937857627869 0.5052083730697632 0.17656250298023224 0.19375000894069672
1 0.850781261920929 0.7406250238418579 0.17656250298023224 0.2187500149011612
1 0.6773437857627869 0.2802083492279053 0.17656250298023224 0.2187500149011612
1 0.24921874701976776 0.21250000596046448 0.1484375 0.19166667759418488
1 0.3304687440395355 0.9041666984558105 0.1484375 0.19166667759418488
1 0.694531261920929 0.8583333492279053 0.1484375 0.19166667759418488
1 0.43828126788139343 0.12708334624767303 0.1484375 0.19166667759418488
1 0.5835937857627869 0.6166666746139526 0.17031250894069672 0.19583334028720856
1 0.13359375298023224 0.5333333611488342 0.13906250894069672 0.21666668355464935
2 0.3828125 0.5145833492279053 0.3968749940395355 0.44166669249534607
0 0.22421875596046448 0.7947916984558105 0.0703125 0.0937500074505806
