1 0.7484375238418579 0.5020833611488342 0.17812500894069672 0.2083333432674408
1 0.19140625 0.41979169845581055 0.21718750894069672 0.25208336114883423
1 0.651562511920929 0.6979166865348816 0.19687500596046448 0.24166667461395264
1 0.4468750059604645 0.6000000238418579 0.19687500596046448 0.24166667461395264
1 0.882031261920929 0.8468750715255737 0.15781250596046448 0.20208334922790527
1 0.4609375 0.09062500298023224 0.15312500298023224 0.1770833432674408
1 0.23281250894069672 0.19166667759418488 0.15312500298023224 0.17916667461395264
1 0.22031250596046448 0.6937500238418579 0.15312500298023224 0.17916667461395264
1 0.6742187738418579 0.8927083611488342 0.1171875 0.16875000298023224
2 0.38593751192092896 0.3083333373069763 0.2718749940395355 0.30000001192092896
1 0.7484375238418579 0.5020833611488342 0.17812500894069672 0.2083333432674408
1 0.19140625 0.41979169845581055 0.21718750894069672 0.25208336114883423
1 0.651562511920929 0.6979166865348816 0.19687500596046448 0.24166667461395264
1 0.4468750059604645 0.6000000238418579 0.19687500596046448 0.24166667461395264
1 0.882031261920929 0.8468750715255737 0.15781250596046448 0.20208334922790527
1 0.4609375 0.09062500298023224 0.15312500298023224 0.1770833432674408
1 0.23281250894069672 0.19166667759418488 0.15312500298023224 0.17916667461395264
1 0.22031250596046448 0.6937500238418579 0.15312500298023224 0.17916667461395264
1 0.6742187738418579 0.8927083611488342 0.1171875 0.16875000298023224
2 0.38593751192092896 0.3083333373069763 0.2718749940395355 0.30000001192092896
